reg0 cos
6000 0.005000 0 0 0.0 0.0 0.0 0.0
 -0.00000e+00 -4.32394e-08 -1.80355e-07 -4.22423e-07 -7.80462e-07 -1.26539e-06
 -1.88797e-06 -2.65880e-06 -3.58820e-06 -4.68626e-06 -5.96269e-06 -7.42686e-06
 -9.08769e-06 -1.09536e-05 -1.30326e-05 -1.53319e-05 -1.78583e-05 -2.06178e-05
 -2.36157e-05 -2.68565e-05 -3.03440e-05 -3.40809e-05 -3.80691e-05 -4.23094e-05
 -4.68019e-05 -5.15452e-05 -5.65370e-05 -6.17738e-05 -6.72510e-05 -7.29625e-05
 -7.89012e-05 -8.50585e-05 -9.14244e-05 -9.79876e-05 -1.04735e-04 -1.11653e-04
 -1.18726e-04 -1.25936e-04 -1.33265e-04 -1.40693e-04 -1.48196e-04 -1.55753e-04
 -1.63339e-04 -1.70925e-04 -1.78486e-04 -1.85989e-04 -1.93406e-04 -2.00702e-04
 -2.07842e-04 -2.14793e-04 -2.21514e-04 -2.27969e-04 -2.34116e-04 -2.39914e-04
 -2.45320e-04 -2.50288e-04 -2.54775e-04 -2.58732e-04 -2.62112e-04 -2.64865e-04
 -2.66942e-04 -2.68292e-04 -2.68863e-04 -2.68602e-04 -2.67456e-04 -2.65371e-04
 -2.62294e-04 -2.58169e-04 -2.52941e-04 -2.46556e-04 -2.38958e-04 -2.30093e-04
 -2.19907e-04 -2.08343e-04 -1.95350e-04 -1.80873e-04 -1.64861e-04 -1.47262e-04
 -1.28025e-04 -1.07102e-04 -8.44439e-05 -6.00053e-05 -3.37416e-05 -5.60980e-06
  2.44306e-05  5.64183e-05  9.03893e-05  1.26377e-04  1.64414e-04  2.04526e-04
  2.46741e-04  2.91079e-04  3.37559e-04  3.86197e-04  4.37004e-04  4.89989e-04
  5.45155e-04  6.02501e-04  6.62025e-04  7.23716e-04  7.87562e-04  8.53545e-04
  9.21641e-04  9.91823e-04  1.06406e-03  1.13831e-03  1.21454e-03  1.29268e-03
  1.37270e-03  1.45453e-03  1.53811e-03  1.62336e-03  1.71021e-03  1.79858e-03
  1.88838e-03  1.97951e-03  2.07188e-03  2.16538e-03  2.25990e-03  2.35533e-03
  2.45153e-03  2.54838e-03  2.64575e-03  2.74350e-03  2.84148e-03  2.93953e-03
  3.03752e-03  3.13526e-03  3.23260e-03  3.32936e-03  3.42537e-03  3.52045e-03
  3.61440e-03  3.70704e-03  3.79818e-03  3.88762e-03  3.97515e-03  4.06057e-03
  4.14367e-03  4.22425e-03  4.30208e-03  4.37695e-03  4.44864e-03  4.51694e-03
  4.58163e-03  4.64247e-03  4.69925e-03  4.75175e-03  4.79975e-03  4.84301e-03
  4.88133e-03  4.91448e-03  4.94224e-03  4.96441e-03  4.98075e-03  4.99108e-03
  4.99517e-03  4.99283e-03  4.98386e-03  4.96807e-03  4.94526e-03  4.91526e-03
  4.87789e-03  4.83298e-03  4.78037e-03  4.71990e-03  4.65143e-03  4.57482e-03
  4.48994e-03  4.39667e-03  4.29490e-03  4.18453e-03  4.06547e-03  3.93765e-03
  3.80099e-03  3.65544e-03  3.50096e-03  3.33752e-03  3.16510e-03  2.98370e-03
  2.79332e-03  2.59400e-03  2.38576e-03  2.16866e-03  1.94277e-03  1.70817e-03
  1.46495e-03  1.21322e-03  9.53124e-04  6.84787e-04  4.08374e-04  1.24057e-04
 -1.67974e-04 -4.67513e-04 -7.74340e-04 -1.08822e-03 -1.40890e-03 -1.73610e-03
 -2.06956e-03 -2.40897e-03 -2.75401e-03 -3.10455e-03 -3.46052e-03 -3.82171e-03
 -4.18788e-03 -4.55878e-03 -4.93416e-03 -5.31375e-03 -5.69728e-03 -6.08446e-03
 -6.47499e-03 -6.86857e-03 -7.26487e-03 -7.66357e-03 -8.06433e-03 -8.46679e-03
 -8.87061e-03 -9.27540e-03 -9.68079e-03 -1.00864e-02 -1.04918e-02 -1.08966e-02
 -1.13004e-02 -1.17027e-02 -1.21032e-02 -1.25013e-02 -1.28966e-02 -1.32887e-02
 -1.36771e-02 -1.40613e-02 -1.44408e-02 -1.48152e-02 -1.51839e-02 -1.55464e-02
 -1.59022e-02 -1.62508e-02 -1.65917e-02 -1.69244e-02 -1.72482e-02 -1.75628e-02
 -1.78675e-02 -1.81618e-02 -1.84451e-02 -1.87169e-02 -1.89767e-02 -1.92239e-02
 -1.94580e-02 -1.96783e-02 -1.98844e-02 -2.00757e-02 -2.02516e-02 -2.04116e-02
 -2.05552e-02 -2.06818e-02 -2.07908e-02 -2.08818e-02 -2.09542e-02 -2.10075e-02
 -2.10411e-02 -2.10546e-02 -2.10475e-02 -2.10192e-02 -2.09693e-02 -2.08973e-02
 -2.08027e-02 -2.06852e-02 -2.05442e-02 -2.03793e-02 -2.01901e-02 -1.99762e-02
 -1.97373e-02 -1.94729e-02 -1.91827e-02 -1.88664e-02 -1.85236e-02 -1.81541e-02
 -1.77575e-02 -1.73337e-02 -1.68823e-02 -1.64032e-02 -1.58962e-02 -1.53611e-02
 -1.47977e-02 -1.42059e-02 -1.35857e-02 -1.29370e-02 -1.22597e-02 -1.15537e-02
 -1.08193e-02 -1.00562e-02 -9.26474e-03 -8.44489e-03 -7.59681e-03 -6.72067e-03
 -5.81666e-03 -4.88502e-03 -3.92600e-03 -2.93990e-03 -1.92706e-03 -8.87836e-04
  1.77366e-04  1.26811e-03  2.38392e-03  3.52429e-03  4.68867e-03  5.87648e-03
  7.08709e-03  8.31984e-03  9.57404e-03  1.08489e-02  1.21438e-02  1.34577e-02
  1.47900e-02  1.61396e-02  1.75056e-02  1.88871e-02  2.02830e-02  2.16924e-02
  2.31140e-02  2.45469e-02  2.59898e-02  2.74415e-02  2.89007e-02  3.03663e-02
  3.18368e-02  3.33110e-02  3.47874e-02  3.62646e-02  3.77411e-02  3.92154e-02
  4.06860e-02  4.21514e-02  4.36099e-02  4.50598e-02  4.64996e-02  4.79276e-02
  4.93419e-02  5.07409e-02  5.21228e-02  5.34858e-02  5.48280e-02  5.61475e-02
  5.74426e-02  5.87113e-02  5.99516e-02  6.11617e-02  6.23396e-02  6.34833e-02
  6.45909e-02  6.56603e-02  6.66895e-02  6.76765e-02  6.86193e-02  6.95159e-02
  7.03643e-02  7.11623e-02  7.19080e-02  7.25993e-02  7.32343e-02  7.38108e-02
  7.43270e-02  7.47807e-02  7.51701e-02  7.54931e-02  7.57479e-02  7.59324e-02
  7.60448e-02  7.60832e-02  7.60458e-02  7.59307e-02  7.57362e-02  7.54605e-02
  7.51019e-02  7.46587e-02  7.41294e-02  7.35123e-02  7.28059e-02  7.20088e-02
  7.11195e-02  7.01367e-02  6.90591e-02  6.78854e-02  6.66145e-02  6.52454e-02
  6.37768e-02  6.22080e-02  6.05380e-02  5.87661e-02  5.68915e-02  5.49137e-02
  5.28320e-02  5.06461e-02  4.83556e-02  4.59603e-02  4.34600e-02  4.08547e-02
  3.81444e-02  3.53293e-02  3.24097e-02  2.93860e-02  2.62587e-02  2.30284e-02
  1.96959e-02  1.62619e-02  1.27277e-02  9.09414e-03  5.36261e-03  1.53446e-03
 -2.38880e-03 -6.40551e-03 -1.05139e-02 -1.47120e-02 -1.89978e-02 -2.33691e-02
 -2.78236e-02 -3.23587e-02 -3.69717e-02 -4.16600e-02 -4.64207e-02 -5.12505e-02
 -5.61463e-02 -6.11047e-02 -6.61223e-02 -7.11952e-02 -7.63198e-02 -8.14920e-02
 -8.67077e-02 -9.19626e-02 -9.72523e-02 -1.02572e-01 -1.07918e-01 -1.13284e-01
 -1.18665e-01 -1.24058e-01 -1.29455e-01 -1.34852e-01 -1.40243e-01 -1.45623e-01
 -1.50985e-01 -1.56324e-01 -1.61633e-01 -1.66906e-01 -1.72137e-01 -1.77319e-01
 -1.82446e-01 -1.87511e-01 -1.92507e-01 -1.97427e-01 -2.02263e-01 -2.07010e-01
 -2.11659e-01 -2.16203e-01 -2.20635e-01 -2.24947e-01 -2.29132e-01 -2.33181e-01
 -2.37088e-01 -2.40843e-01 -2.44440e-01 -2.47870e-01 -2.51126e-01 -2.54198e-01
 -2.57081e-01 -2.59764e-01 -2.62240e-01 -2.64501e-01 -2.66539e-01 -2.68346e-01
 -2.69913e-01 -2.71233e-01 -2.72297e-01 -2.73098e-01 -2.73626e-01 -2.73875e-01
 -2.73837e-01 -2.73503e-01 -2.72865e-01 -2.71917e-01 -2.70651e-01 -2.69058e-01
 -2.67132e-01 -2.64866e-01 -2.62252e-01 -2.59283e-01 -2.55952e-01 -2.52253e-01
 -2.48179e-01 -2.43723e-01 -2.38880e-01 -2.33644e-01 -2.28008e-01 -2.21967e-01
 -2.15516e-01 -2.08650e-01 -2.01362e-01 -1.93650e-01 -1.85509e-01 -1.76933e-01
 -1.67920e-01 -1.58466e-01 -1.48568e-01 -1.38222e-01 -1.27425e-01 -1.16177e-01
 -1.04473e-01 -9.23136e-02 -7.96961e-02 -6.66199e-02 -5.30842e-02 -3.90888e-02
 -2.46337e-02 -9.71928e-03  5.65352e-03  2.14835e-02  3.77692e-02  5.45084e-02
  7.16988e-02  8.93375e-02  1.07421e-01  1.25946e-01  1.44909e-01  1.64304e-01
  1.84127e-01  2.04372e-01  2.25033e-01  2.46105e-01  2.67580e-01  2.89451e-01
  3.11711e-01  3.34351e-01  3.57363e-01  3.80737e-01  4.04466e-01  4.28537e-01
  4.52942e-01  4.77669e-01  5.02707e-01  5.28044e-01  5.53669e-01  5.79569e-01
  6.05730e-01  6.32140e-01  6.58784e-01  6.85649e-01  7.12720e-01  7.39981e-01
  7.67419e-01  7.95015e-01  8.22756e-01  8.50623e-01  8.78601e-01  9.06672e-01
  9.34819e-01  9.63024e-01  9.91269e-01  1.01954e+00  1.04781e+00  1.07606e+00
  1.10428e+00  1.13244e+00  1.16053e+00  1.18853e+00  1.21642e+00  1.24417e+00
  1.27176e+00  1.29919e+00  1.32642e+00  1.35343e+00  1.38022e+00  1.40674e+00
  1.43299e+00  1.45894e+00  1.48458e+00  1.50988e+00  1.53482e+00  1.55939e+00
  1.58356e+00  1.60731e+00  1.63062e+00  1.65348e+00  1.67586e+00  1.69774e+00
  1.71911e+00  1.73995e+00  1.76024e+00  1.77996e+00  1.79910e+00  1.81763e+00
  1.83555e+00  1.85283e+00  1.86945e+00  1.88542e+00  1.90070e+00  1.91529e+00
  1.92916e+00  1.94232e+00  1.95475e+00  1.96643e+00  1.97735e+00  1.98751e+00
  1.99689e+00  2.00548e+00  2.01329e+00  2.02029e+00  2.02648e+00  2.03186e+00
  2.03642e+00  2.04016e+00  2.04307e+00  2.04515e+00  2.04640e+00  2.04682e+00
  2.04640e+00  2.04515e+00  2.04307e+00  2.04016e+00  2.03642e+00  2.03186e+00
  2.02648e+00  2.02029e+00  2.01329e+00  2.00548e+00  1.99689e+00  1.98751e+00
  1.97735e+00  1.96643e+00  1.95475e+00  1.94232e+00  1.92916e+00  1.91529e+00
  1.90070e+00  1.88542e+00  1.86945e+00  1.85283e+00  1.83555e+00  1.81763e+00
  1.79910e+00  1.77996e+00  1.76024e+00  1.73995e+00  1.71911e+00  1.69774e+00
  1.67586e+00  1.65348e+00  1.63062e+00  1.60731e+00  1.58356e+00  1.55939e+00
  1.53482e+00  1.50988e+00  1.48458e+00  1.45894e+00  1.43299e+00  1.40674e+00
  1.38021e+00  1.35343e+00  1.32642e+00  1.29919e+00  1.27176e+00  1.24417e+00
  1.21641e+00  1.18853e+00  1.16053e+00  1.13244e+00  1.10428e+00  1.07606e+00
  1.04780e+00  1.01953e+00  9.91267e-01  9.63022e-01  9.34817e-01  9.06670e-01
  8.78599e-01  8.50621e-01  8.22753e-01  7.95013e-01  7.67416e-01  7.39979e-01
  7.12718e-01  6.85647e-01  6.58782e-01  6.32137e-01  6.05728e-01  5.79566e-01
  5.53667e-01  5.28042e-01  5.02705e-01  4.77666e-01  4.52939e-01  4.28535e-01
  4.04463e-01  3.80735e-01  3.57361e-01  3.34349e-01  3.11709e-01  2.89449e-01
  2.67578e-01  2.46103e-01  2.25031e-01  2.04370e-01  1.84125e-01  1.64302e-01
  1.44907e-01  1.25945e-01  1.07419e-01  8.93358e-02  7.16971e-02  5.45068e-02
  3.77676e-02  2.14820e-02  5.65202e-03 -9.72075e-03 -2.46351e-02 -3.90902e-02
 -5.30856e-02 -6.66212e-02 -7.96974e-02 -9.23148e-02 -1.04475e-01 -1.16178e-01
 -1.27427e-01 -1.38223e-01 -1.48569e-01 -1.58467e-01 -1.67921e-01 -1.76934e-01
 -1.85510e-01 -1.93651e-01 -2.01363e-01 -2.08650e-01 -2.15517e-01 -2.21968e-01
 -2.28009e-01 -2.33645e-01 -2.38881e-01 -2.43724e-01 -2.48179e-01 -2.52253e-01
 -2.55953e-01 -2.59283e-01 -2.62252e-01 -2.64866e-01 -2.67133e-01 -2.69059e-01
 -2.70651e-01 -2.71918e-01 -2.72866e-01 -2.73503e-01 -2.73837e-01 -2.73875e-01
 -2.73626e-01 -2.73098e-01 -2.72297e-01 -2.71233e-01 -2.69914e-01 -2.68346e-01
 -2.66540e-01 -2.64501e-01 -2.62240e-01 -2.59764e-01 -2.57081e-01 -2.54198e-01
 -2.51126e-01 -2.47870e-01 -2.44440e-01 -2.40843e-01 -2.37088e-01 -2.33181e-01
 -2.29132e-01 -2.24947e-01 -2.20635e-01 -2.16203e-01 -2.11659e-01 -2.07010e-01
 -2.02263e-01 -1.97426e-01 -1.92507e-01 -1.87511e-01 -1.82446e-01 -1.77319e-01
 -1.72137e-01 -1.66906e-01 -1.61632e-01 -1.56323e-01 -1.50985e-01 -1.45623e-01
 -1.40243e-01 -1.34852e-01 -1.29455e-01 -1.24057e-01 -1.18665e-01 -1.13284e-01
 -1.07917e-01 -1.02572e-01 -9.72521e-02 -9.19624e-02 -8.67074e-02 -8.14917e-02
 -7.63196e-02 -7.11950e-02 -6.61220e-02 -6.11045e-02 -5.61460e-02 -5.12502e-02
 -4.64204e-02 -4.16598e-02 -3.69714e-02 -3.23583e-02 -2.78233e-02 -2.33688e-02
 -1.89975e-02 -1.47117e-02 -1.05136e-02 -6.40518e-03 -2.38846e-03  1.53480e-03
  5.36295e-03  9.09448e-03  1.27280e-02  1.62623e-02  1.96962e-02  2.30287e-02
  2.62590e-02  2.93864e-02  3.24101e-02  3.53297e-02  3.81448e-02  4.08550e-02
  4.34604e-02  4.59607e-02  4.83560e-02  5.06465e-02  5.28324e-02  5.49140e-02
  5.68919e-02  5.87665e-02  6.05384e-02  6.22083e-02  6.37772e-02  6.52457e-02
  6.66149e-02  6.78858e-02  6.90594e-02  7.01371e-02  7.11198e-02  7.20091e-02
  7.28062e-02  7.35126e-02  7.41297e-02  7.46590e-02  7.51022e-02  7.54608e-02
  7.57365e-02  7.59310e-02  7.60461e-02  7.60835e-02  7.60451e-02  7.59327e-02
  7.57481e-02  7.54934e-02  7.51704e-02  7.47810e-02  7.43272e-02  7.38111e-02
  7.32345e-02  7.25995e-02  7.19082e-02  7.11625e-02  7.03645e-02  6.95161e-02
  6.86195e-02  6.76767e-02  6.66897e-02  6.56604e-02  6.45910e-02  6.34835e-02
  6.23398e-02  6.11619e-02  5.99518e-02  5.87114e-02  5.74427e-02  5.61476e-02
  5.48281e-02  5.34859e-02  5.21229e-02  5.07410e-02  4.93420e-02  4.79277e-02
  4.64997e-02  4.50599e-02  4.36100e-02  4.21515e-02  4.06861e-02  3.92155e-02
  3.77412e-02  3.62646e-02  3.47875e-02  3.33111e-02  3.18369e-02  3.03664e-02
  2.89008e-02  2.74416e-02  2.59898e-02  2.45470e-02  2.31141e-02  2.16924e-02
  2.02831e-02  1.88871e-02  1.75056e-02  1.61396e-02  1.47900e-02  1.34578e-02
  1.21438e-02  1.08490e-02  9.57408e-03  8.31988e-03  7.08712e-03  5.87650e-03
  4.68870e-03  3.52431e-03  2.38394e-03  1.26813e-03  1.77381e-04 -8.87822e-04
 -1.92705e-03 -2.93989e-03 -3.92599e-03 -4.88501e-03 -5.81666e-03 -6.72067e-03
 -7.59681e-03 -8.44489e-03 -9.26474e-03 -1.00562e-02 -1.08193e-02 -1.15538e-02
 -1.22597e-02 -1.29370e-02 -1.35857e-02 -1.42059e-02 -1.47977e-02 -1.53611e-02
 -1.58962e-02 -1.64032e-02 -1.68823e-02 -1.73337e-02 -1.77575e-02 -1.81541e-02
 -1.85236e-02 -1.88664e-02 -1.91827e-02 -1.94729e-02 -1.97373e-02 -1.99763e-02
 -2.01901e-02 -2.03793e-02 -2.05442e-02 -2.06852e-02 -2.08028e-02 -2.08973e-02
 -2.09693e-02 -2.10192e-02 -2.10475e-02 -2.10546e-02 -2.10411e-02 -2.10075e-02
 -2.09542e-02 -2.08818e-02 -2.07908e-02 -2.06818e-02 -2.05552e-02 -2.04116e-02
 -2.02516e-02 -2.00757e-02 -1.98844e-02 -1.96783e-02 -1.94580e-02 -1.92239e-02
 -1.89767e-02 -1.87170e-02 -1.84451e-02 -1.81618e-02 -1.78675e-02 -1.75628e-02
 -1.72483e-02 -1.69244e-02 -1.65917e-02 -1.62508e-02 -1.59022e-02 -1.55464e-02
 -1.51839e-02 -1.48152e-02 -1.44409e-02 -1.40613e-02 -1.36771e-02 -1.32888e-02
 -1.28967e-02 -1.25013e-02 -1.21032e-02 -1.17027e-02 -1.13004e-02 -1.08966e-02
 -1.04918e-02 -1.00864e-02 -9.68081e-03 -9.27542e-03 -8.87063e-03 -8.46682e-03
 -8.06435e-03 -7.66359e-03 -7.26489e-03 -6.86859e-03 -6.47501e-03 -6.08448e-03
 -5.69730e-03 -5.31377e-03 -4.93418e-03 -4.55880e-03 -4.18790e-03 -3.82173e-03
 -3.46054e-03 -3.10457e-03 -2.75403e-03 -2.40913e-03 -2.07009e-03 -1.73709e-03
 -1.41031e-03 -1.08992e-03 -7.76080e-04 -4.68946e-04 -1.68655e-04  1.24663e-04
  4.10887e-04  6.89909e-04  9.61625e-04  1.22595e-03  1.48279e-03  1.73208e-03
  1.97376e-03  2.20778e-03  2.43407e-03  2.65262e-03  2.86338e-03  3.06635e-03
  3.26150e-03  3.44883e-03  3.62835e-03  3.80006e-03  3.96399e-03  4.12016e-03
  4.26859e-03  4.40934e-03  4.54245e-03  4.66796e-03  4.78593e-03  4.89644e-03
  4.99955e-03  5.09533e-03  5.18386e-03  5.26524e-03  5.33955e-03  5.40688e-03
  5.46735e-03  5.52104e-03  5.56808e-03  5.60857e-03  5.64263e-03  5.67037e-03
  5.69193e-03  5.70742e-03  5.71698e-03  5.72074e-03  5.71884e-03  5.71140e-03
  5.69856e-03  5.68048e-03  5.65728e-03  5.62912e-03  5.59614e-03  5.55849e-03
  5.51631e-03  5.46975e-03  5.41897e-03  5.36411e-03  5.30532e-03  5.24275e-03
  5.17656e-03  5.10689e-03  5.03390e-03  4.95774e-03  4.87855e-03  4.79648e-03
  4.71169e-03  4.62431e-03  4.53450e-03  4.44241e-03  4.34817e-03  4.25193e-03
  4.15383e-03  4.05401e-03  3.95261e-03  3.84976e-03  3.74560e-03  3.64027e-03
  3.53389e-03  3.42659e-03  3.31849e-03  3.20973e-03  3.10043e-03  2.99069e-03
  2.88065e-03  2.77041e-03  2.66009e-03  2.54980e-03  2.43964e-03  2.32972e-03
  2.22014e-03  2.11100e-03  2.00239e-03  1.89441e-03  1.78715e-03  1.68070e-03
  1.57513e-03  1.47054e-03  1.36700e-03  1.26458e-03  1.16336e-03  1.06342e-03
  9.64812e-04  8.67606e-04  7.71864e-04  6.77644e-04  5.85001e-04  4.93990e-04
  4.04658e-04  3.17055e-04  2.31224e-04  1.47206e-04  6.50414e-05 -1.52348e-05
 -9.35889e-05 -1.69990e-04 -2.44410e-04 -3.16824e-04 -3.87208e-04 -4.55543e-04
 -5.21810e-04 -5.85993e-04 -6.48080e-04 -7.08060e-04 -7.65925e-04 -8.21667e-04
 -8.75285e-04 -9.26774e-04 -9.76137e-04 -1.02337e-03 -1.06849e-03 -1.11150e-03
 -1.15239e-03 -1.19120e-03 -1.22791e-03 -1.26256e-03 -1.29516e-03 -1.32572e-03
 -1.35425e-03 -1.38079e-03 -1.40536e-03 -1.42796e-03 -1.44864e-03 -1.46742e-03
 -1.48431e-03 -1.49936e-03 -1.51259e-03 -1.52403e-03 -1.53371e-03 -1.54167e-03
 -1.54793e-03 -1.55254e-03 -1.55552e-03 -1.55691e-03 -1.55675e-03 -1.55508e-03
 -1.55193e-03 -1.54734e-03 -1.54135e-03 -1.53401e-03 -1.52533e-03 -1.51538e-03
 -1.50419e-03 -1.49180e-03 -1.47824e-03 -1.46357e-03 -1.44781e-03 -1.43102e-03
 -1.41324e-03 -1.39449e-03 -1.37483e-03 -1.35430e-03 -1.33294e-03 -1.31078e-03
 -1.28787e-03 -1.26425e-03 -1.23996e-03 -1.21504e-03 -1.18952e-03 -1.16345e-03
 -1.13686e-03 -1.10980e-03 -1.08229e-03 -1.05439e-03 -1.02612e-03 -9.97520e-04
 -9.68627e-04 -9.39476e-04 -9.10101e-04 -8.80536e-04 -8.50816e-04 -8.20971e-04
 -7.91035e-04 -7.61038e-04 -7.31012e-04 -7.00986e-04 -6.70990e-04 -6.41053e-04
 -6.11201e-04 -5.81462e-04 -5.51863e-04 -5.22428e-04 -4.93184e-04 -4.64153e-04
 -4.35359e-04 -4.06825e-04 -3.78572e-04 -3.50620e-04 -3.22991e-04 -2.95703e-04
 -2.68775e-04 -2.42224e-04 -2.16068e-04 -1.90323e-04 -1.65004e-04 -1.40125e-04
 -1.15700e-04 -9.17431e-05 -6.82656e-05 -4.52792e-05 -2.27947e-05 -8.22110e-07
  2.06293e-05  4.15511e-05  6.19354e-05  8.17750e-05  1.01064e-04  1.19795e-04
  1.37966e-04  1.55569e-04  1.72603e-04  1.89065e-04  2.04950e-04  2.20259e-04
  2.34989e-04  2.49140e-04  2.62711e-04  2.75705e-04  2.88121e-04  2.99960e-04
  3.11226e-04  3.21921e-04  3.32049e-04  3.41611e-04  3.50614e-04  3.59060e-04
  3.66956e-04  3.74306e-04  3.81117e-04  3.87395e-04  3.93145e-04  3.98376e-04
  4.03093e-04  4.07306e-04  4.11021e-04  4.14248e-04  4.16993e-04  4.19267e-04
  4.21078e-04  4.22436e-04  4.23349e-04  4.23827e-04  4.23881e-04  4.23521e-04
  4.22756e-04  4.21596e-04  4.20054e-04  4.18138e-04  4.15860e-04  4.13231e-04
  4.10261e-04  4.06961e-04  4.03344e-04  3.99418e-04  3.95197e-04  3.90690e-04
  3.85910e-04  3.80866e-04  3.75571e-04  3.70036e-04  3.64271e-04  3.58288e-04
  3.52098e-04  3.45712e-04  3.39140e-04  3.32393e-04  3.25483e-04  3.18419e-04
  3.11213e-04  3.03874e-04  2.96414e-04  2.88841e-04  2.81167e-04  2.73401e-04
  2.65553e-04  2.57632e-04  2.49648e-04  2.41610e-04  2.33528e-04  2.25410e-04
  2.17265e-04  2.09102e-04  2.00928e-04  1.92753e-04  1.84584e-04  1.76430e-04
  1.68297e-04  1.60192e-04  1.52125e-04  1.44100e-04  1.36126e-04  1.28208e-04
  1.20354e-04  1.12568e-04  1.04858e-04  9.72288e-05  8.96860e-05  8.22348e-05
  7.48805e-05  6.76279e-05  6.04816e-05  5.34460e-05  4.65255e-05  3.97241e-05
  3.30454e-05  2.64932e-05  2.00708e-05  1.37814e-05  7.62798e-06  1.61328e-06
 -4.26011e-06 -9.98982e-06 -1.55737e-05 -2.10097e-05 -2.62961e-05 -3.14313e-05
 -3.64138e-05 -4.12425e-05 -4.59162e-05 -5.04342e-05 -5.47956e-05 -5.90000e-05
 -6.30470e-05 -6.69364e-05 -7.06681e-05 -7.42422e-05 -7.76590e-05 -8.09190e-05
 -8.40226e-05 -8.69705e-05 -8.97636e-05 -9.24028e-05 -9.48892e-05 -9.72240e-05
 -9.94085e-05 -1.01444e-04 -1.03333e-04 -1.05075e-04 -1.06674e-04 -1.08131e-04
 -1.09448e-04 -1.10627e-04 -1.11670e-04 -1.12579e-04 -1.13357e-04 -1.14006e-04
 -1.14528e-04 -1.14927e-04 -1.15203e-04 -1.15361e-04 -1.15403e-04 -1.15331e-04
 -1.15148e-04 -1.14857e-04 -1.14461e-04 -1.13963e-04 -1.13366e-04 -1.12672e-04
 -1.11885e-04 -1.11008e-04 -1.10043e-04 -1.08994e-04 -1.07863e-04 -1.06654e-04
 -1.05370e-04 -1.04013e-04 -1.02588e-04 -1.01096e-04 -9.95407e-05 -9.79255e-05
 -9.62533e-05 -9.45269e-05 -9.27493e-05 -9.09235e-05 -8.90525e-05 -8.71390e-05
 -8.51860e-05 -8.31963e-05 -8.11728e-05 -7.91182e-05 -7.70352e-05 -7.49266e-05
 -7.27951e-05 -7.06432e-05 -6.84735e-05 -6.62885e-05 -6.40909e-05 -6.18829e-05
 -5.96671e-05 -5.74457e-05 -5.52210e-05 -5.29954e-05 -5.07709e-05 -4.85498e-05
 -4.63341e-05 -4.41258e-05 -4.19270e-05 -3.97396e-05 -3.75653e-05 -3.54061e-05
 -3.32636e-05 -3.11396e-05 -2.90356e-05 -2.69534e-05 -2.48943e-05 -2.28598e-05
 -2.08514e-05 -1.88704e-05 -1.69180e-05 -1.49956e-05 -1.31041e-05 -1.12448e-05
 -9.41874e-06 -7.62684e-06 -5.87008e-06 -4.14933e-06 -2.46541e-06 -8.19082e-07
  7.88931e-07  2.35798e-06  3.88745e-06  5.37680e-06  6.82552e-06  8.23318e-06
  9.59937e-06  1.09237e-05  1.22060e-05  1.34459e-05  1.46432e-05  1.57978e-05
  1.69096e-05  1.79785e-05  1.90044e-05  1.99875e-05  2.09277e-05  2.18251e-05
  2.26800e-05  2.34924e-05  2.42626e-05  2.49909e-05  2.56775e-05  2.63227e-05
  2.69270e-05  2.74906e-05  2.80141e-05  2.84978e-05  2.89422e-05  2.93478e-05
  2.97152e-05  3.00448e-05  3.03374e-05  3.05934e-05  3.08135e-05  3.09983e-05
  3.11485e-05  3.12647e-05  3.13477e-05  3.13982e-05  3.14169e-05  3.14044e-05
  3.13617e-05  3.12893e-05  3.11882e-05  3.10591e-05  3.09027e-05  3.07199e-05
  3.05115e-05  3.02784e-05  3.00212e-05  2.97408e-05  2.94381e-05  2.91139e-05
  2.87690e-05  2.84043e-05  2.80205e-05  2.76185e-05  2.71991e-05  2.67632e-05
  2.63115e-05  2.58449e-05  2.53642e-05  2.48701e-05  2.43636e-05  2.38453e-05
  2.33160e-05  2.27767e-05  2.22279e-05  2.16704e-05  2.11051e-05  2.05327e-05
  1.99538e-05  1.93692e-05  1.87796e-05  1.81857e-05  1.75881e-05  1.69876e-05
  1.63849e-05  1.57804e-05  1.51749e-05  1.45690e-05  1.39633e-05  1.33584e-05
  1.27548e-05  1.21531e-05  1.15539e-05  1.09576e-05  1.03648e-05  9.77598e-06
  9.19161e-06  8.61216e-06  8.03808e-06  7.46980e-06  6.90773e-06  6.35227e-06
  5.80382e-06  5.26274e-06  4.72938e-06  4.20407e-06  3.68715e-06  3.17891e-06
  2.67964e-06  2.18962e-06  1.70911e-06  1.23834e-06  7.77550e-07  3.26948e-07
 -1.13269e-07 -5.42918e-07 -9.61831e-07 -1.36985e-06 -1.76685e-06 -2.15269e-06
 -2.52727e-06 -2.89048e-06 -3.24225e-06 -3.58250e-06 -3.91117e-06 -4.22822e-06
 -4.53361e-06 -4.82733e-06 -5.10937e-06 -5.37972e-06 -5.63841e-06 -5.88545e-06
 -6.12088e-06 -6.34475e-06 -6.55712e-06 -6.75805e-06 -6.94761e-06 -7.12590e-06
 -7.29300e-06 -7.44902e-06 -7.59407e-06 -7.72827e-06 -7.85174e-06 -7.96463e-06
 -8.06706e-06 -8.15920e-06 -8.24119e-06 -8.31319e-06 -8.37538e-06 -8.42793e-06
 -8.47101e-06 -8.50480e-06 -8.52950e-06 -8.54529e-06 -8.55238e-06 -8.55095e-06
 -8.54123e-06 -8.52340e-06 -8.49769e-06 -8.46430e-06 -8.42345e-06 -8.37535e-06
 -8.32023e-06 -8.25831e-06 -8.18981e-06 -8.11494e-06 -8.03394e-06 -7.94703e-06
 -7.85444e-06 -7.75638e-06 -7.65309e-06 -7.54480e-06 -7.43171e-06 -7.31407e-06
 -7.19209e-06 -7.06599e-06 -6.93600e-06 -6.80233e-06 -6.66521e-06 -6.52484e-06
 -6.38144e-06 -6.23523e-06 -6.08641e-06 -5.93519e-06 -5.78177e-06 -5.62637e-06
 -5.46916e-06 -5.31036e-06 -5.15015e-06 -4.98873e-06 -4.82627e-06 -4.66297e-06
 -4.49900e-06 -4.33454e-06 -4.16975e-06 -4.00482e-06 -3.83990e-06 -3.67515e-06
 -3.51073e-06 -3.34680e-06 -3.18349e-06 -3.02096e-06 -2.85935e-06 -2.69878e-06
 -2.53940e-06 -2.38133e-06 -2.22469e-06 -2.06960e-06 -1.91618e-06 -1.76454e-06
 -1.61477e-06 -1.46699e-06 -1.32129e-06 -1.17776e-06 -1.03650e-06 -8.97574e-07
 -7.61077e-07 -6.27081e-07 -4.95656e-07 -3.66869e-07 -2.40785e-07 -1.17460e-07
  3.04885e-09  1.20692e-07  2.35424e-07  3.47200e-07  4.55982e-07  5.61735e-07
  6.64429e-07  7.64035e-07  8.60530e-07  9.53893e-07  1.04411e-06  1.13116e-06
  1.21505e-06  1.29575e-06  1.37328e-06  1.44762e-06  1.51879e-06  1.58678e-06
  1.65161e-06  1.71329e-06  1.77184e-06  1.82727e-06  1.87959e-06  1.92885e-06
  1.97505e-06  2.01822e-06  2.05841e-06  2.09563e-06  2.12992e-06  2.16133e-06
  2.18988e-06  2.21561e-06  2.23857e-06  2.25881e-06  2.27636e-06  2.29127e-06
  2.30360e-06  2.31339e-06  2.32069e-06  2.32555e-06  2.32803e-06  2.32818e-06
  2.32605e-06  2.32171e-06  2.31521e-06  2.30660e-06  2.29595e-06  2.28331e-06
  2.26875e-06  2.25232e-06  2.23408e-06  2.21410e-06  2.19244e-06  2.16915e-06
  2.14430e-06  2.11795e-06  2.09016e-06  2.06099e-06  2.03050e-06  1.99876e-06
  1.96582e-06  1.93175e-06  1.89660e-06  1.86044e-06  1.82333e-06  1.78532e-06
  1.74647e-06  1.70684e-06  1.66648e-06  1.62546e-06  1.58383e-06  1.54165e-06
  1.49896e-06  1.45583e-06  1.41230e-06  1.36842e-06  1.32426e-06  1.27985e-06
  1.23525e-06  1.19050e-06  1.14566e-06  1.10077e-06  1.05586e-06  1.01100e-06
  9.66213e-07  9.21549e-07  8.77048e-07  8.32748e-07  7.88689e-07  7.44907e-07
  7.01439e-07  6.58320e-07  6.15583e-07  5.73261e-07  5.31385e-07  4.89986e-07
  4.49092e-07  4.08732e-07  3.68932e-07  3.29718e-07  2.91114e-07  2.53143e-07
  2.15827e-07  1.79187e-07  1.43243e-07  1.08013e-07  7.35149e-08  3.97643e-08
  6.77668e-09 -2.54339e-08 -5.68545e-08 -8.74733e-08 -1.17279e-07 -1.46263e-07
 -1.74416e-07 -2.01729e-07 -2.28197e-07 -2.53814e-07 -2.78575e-07 -3.02476e-07
 -3.25514e-07 -3.47688e-07 -3.68995e-07 -3.89437e-07 -4.09013e-07 -4.27726e-07
 -4.45577e-07 -4.62569e-07 -4.78706e-07 -4.93994e-07 -5.08436e-07 -5.22040e-07
 -5.34811e-07 -5.46758e-07 -5.57887e-07 -5.68208e-07 -5.77730e-07 -5.86462e-07
 -5.94415e-07 -6.01599e-07 -6.08026e-07 -6.13708e-07 -6.18656e-07 -6.22883e-07
 -6.26402e-07 -6.29227e-07 -6.31371e-07 -6.32849e-07 -6.33674e-07 -6.33862e-07
 -6.33427e-07 -6.32385e-07 -6.30751e-07 -6.28541e-07 -6.25770e-07 -6.22455e-07
 -6.18611e-07 -6.14256e-07 -6.09405e-07 -6.04075e-07 -5.98283e-07 -5.92045e-07
 -5.85377e-07 -5.78297e-07 -5.70822e-07 -5.62967e-07 -5.54750e-07 -5.46187e-07
 -5.37296e-07 -5.28091e-07 -5.18590e-07 -5.08809e-07 -4.98764e-07 -4.88471e-07
 -4.77947e-07 -4.67207e-07 -4.56266e-07 -4.45140e-07 -4.33844e-07 -4.22393e-07
 -4.10803e-07 -3.99088e-07 -3.87261e-07 -3.75338e-07 -3.63332e-07 -3.51257e-07
 -3.39126e-07 -3.26953e-07 -3.14750e-07 -3.02530e-07 -2.90305e-07 -2.78088e-07
 -2.65890e-07 -2.53722e-07 -2.41596e-07 -2.29522e-07 -2.17511e-07 -2.05573e-07
 -1.93719e-07 -1.81957e-07 -1.70298e-07 -1.58749e-07 -1.47319e-07 -1.36018e-07
 -1.24852e-07 -1.13830e-07 -1.02959e-07 -9.22456e-08 -8.16967e-08 -7.13187e-08
 -6.11177e-08 -5.10995e-08 -4.12694e-08 -3.16326e-08 -2.21938e-08 -1.29576e-08
 -3.92826e-09  4.89047e-09  1.34949e-08  2.18818e-08  3.00482e-08  3.79912e-08
  4.57085e-08  5.31979e-08  6.04575e-08  6.74857e-08  7.42811e-08  8.08427e-08
  8.71695e-08  9.32611e-08  9.91170e-08  1.04737e-07  1.10122e-07  1.15271e-07
  1.20185e-07  1.24866e-07  1.29313e-07  1.33529e-07  1.37515e-07  1.41271e-07
  1.44801e-07  1.48106e-07  1.51187e-07  1.54048e-07  1.56691e-07  1.59119e-07
  1.61333e-07  1.63338e-07  1.65135e-07  1.66729e-07  1.68123e-07  1.69319e-07
  1.70322e-07  1.71135e-07  1.71762e-07  1.72206e-07  1.72472e-07  1.72563e-07
  1.72484e-07  1.72239e-07  1.71831e-07  1.71266e-07  1.70547e-07  1.69679e-07
  1.68666e-07  1.67512e-07  1.66223e-07  1.64802e-07  1.63254e-07  1.61584e-07
  1.59796e-07  1.57894e-07  1.55884e-07  1.53769e-07  1.51555e-07  1.49246e-07
  1.46845e-07  1.44359e-07  1.41791e-07  1.39146e-07  1.36428e-07  1.33641e-07
  1.30790e-07  1.27880e-07  1.24914e-07  1.21896e-07  1.18831e-07  1.15724e-07
  1.12577e-07  1.09395e-07  1.06182e-07  1.02942e-07  9.96787e-08  9.63955e-08
  9.30963e-08  8.97847e-08  8.64642e-08  8.31383e-08  7.98103e-08  7.64835e-08
  7.31612e-08  6.98464e-08  6.65423e-08  6.32518e-08  5.99778e-08  5.67230e-08
  5.34903e-08  5.02822e-08  4.71013e-08  4.39500e-08  4.08307e-08  3.77457e-08
  3.46972e-08  3.16872e-08  2.87179e-08  2.57911e-08  2.29086e-08  2.00723e-08
  1.72838e-08  1.45447e-08  1.18565e-08  9.22057e-09  6.63827e-09  4.11084e-09
  1.63945e-09 -7.74842e-10 -3.13102e-09 -5.42818e-09 -7.66547e-09 -9.84214e-09
 -1.19575e-08 -1.40110e-08 -1.60020e-08 -1.79301e-08 -1.97949e-08 -2.15961e-08
 -2.33335e-08 -2.50068e-08 -2.66160e-08 -2.81611e-08 -2.96419e-08 -3.10587e-08
 -3.24115e-08 -3.37006e-08 -3.49262e-08 -3.60887e-08 -3.71883e-08 -3.82255e-08
 -3.92008e-08 -4.01148e-08 -4.09679e-08 -4.17607e-08 -4.24941e-08 -4.31685e-08
 -4.37849e-08 -4.43439e-08 -4.48464e-08 -4.52932e-08 -4.56852e-08 -4.60234e-08
 -4.63086e-08 -4.65420e-08 -4.67244e-08 -4.68569e-08 -4.69405e-08 -4.69764e-08
 -4.69656e-08 -4.69093e-08 -4.68086e-08 -4.66646e-08 -4.64786e-08 -4.62516e-08
 -4.59850e-08 -4.56798e-08 -4.53373e-08 -4.49588e-08 -4.45454e-08 -4.40983e-08
 -4.36189e-08 -4.31084e-08 -4.25679e-08 -4.19988e-08 -4.14022e-08 -4.07795e-08
 -4.01317e-08 -3.94602e-08 -3.87662e-08 -3.80509e-08 -3.73155e-08 -3.65611e-08
 -3.57890e-08 -3.50003e-08 -3.41963e-08 -3.33780e-08 -3.25466e-08 -3.17032e-08
 -3.08489e-08 -2.99849e-08 -2.91121e-08 -2.82316e-08 -2.73446e-08 -2.64520e-08
 -2.55547e-08 -2.46539e-08 -2.37504e-08 -2.28452e-08 -2.19393e-08 -2.10335e-08
 -2.01286e-08 -1.92257e-08 -1.83254e-08 -1.74287e-08 -1.65363e-08 -1.56489e-08
 -1.47674e-08 -1.38924e-08 -1.30246e-08 -1.21648e-08 -1.13135e-08 -1.04714e-08
 -9.63913e-09 -8.81720e-09 -8.00621e-09 -7.20667e-09 -6.41909e-09 -5.64397e-09
 -4.88175e-09 -4.13288e-09 -3.39777e-09 -2.67681e-09 -1.97037e-09 -1.27879e-09
 -6.02385e-10  5.85356e-11  7.03699e-10  1.33285e-09  1.94576e-09  2.54220e-09
  3.12200e-09  3.68499e-09  4.23100e-09  4.75992e-09  5.27163e-09  5.76605e-09
  6.24309e-09  6.70272e-09  7.14489e-09  7.56960e-09  7.97683e-09  8.36660e-09
  8.73896e-09  9.09396e-09  9.43165e-09  9.75212e-09  1.00555e-08  1.03418e-08
  1.06113e-08  1.08640e-08  1.11001e-08  1.13197e-08  1.15232e-08  1.17105e-08
  1.18820e-08  1.20378e-08  1.21782e-08  1.23033e-08  1.24135e-08  1.25090e-08
  1.25900e-08  1.26568e-08  1.27097e-08  1.27489e-08  1.27748e-08  1.27876e-08
  1.27876e-08  1.27751e-08  1.27505e-08  1.27140e-08  1.26660e-08  1.26068e-08
  1.25367e-08  1.24561e-08  1.23652e-08  1.22644e-08  1.21540e-08  1.20345e-08
  1.19060e-08  1.17689e-08  1.16237e-08  1.14705e-08  1.13099e-08  1.11420e-08
  1.09672e-08  1.07859e-08  1.05983e-08  1.04049e-08  1.02059e-08  1.00018e-08
  9.79266e-09  9.57899e-09  9.36105e-09  9.13916e-09  8.91363e-09  8.68476e-09
  8.45286e-09  8.21823e-09  7.98116e-09  7.74194e-09  7.50085e-09  7.25817e-09
  7.01418e-09  6.76914e-09  6.52333e-09  6.27699e-09  6.03038e-09  5.78376e-09
  5.53735e-09  5.29139e-09  5.04612e-09  4.80175e-09  4.55850e-09  4.31659e-09
  4.07622e-09  3.83758e-09  3.60087e-09  3.36626e-09  3.13395e-09  2.90411e-09
  2.67689e-09  2.45245e-09  2.23096e-09  2.01256e-09  1.79737e-09  1.58555e-09
  1.37722e-09  1.17249e-09  9.71477e-10  7.74295e-10  5.81042e-10  3.91813e-10
  2.06697e-10  2.57776e-11 -1.50870e-10 -3.23173e-10 -4.91069e-10 -6.54497e-10
 -8.13404e-10 -9.67744e-10 -1.11747e-09 -1.26256e-09 -1.40296e-09 -1.53866e-09
 -1.66964e-09 -1.79588e-09 -1.91737e-09 -2.03410e-09 -2.14607e-09 -2.25330e-09
 -2.35578e-09 -2.45352e-09 -2.54655e-09 -2.63489e-09 -2.71856e-09 -2.79760e-09
 -2.87202e-09 -2.94188e-09 -3.00721e-09 -3.06806e-09 -3.12446e-09 -3.17649e-09
 -3.22417e-09 -3.26759e-09 -3.30678e-09 -3.34182e-09 -3.37276e-09 -3.39968e-09
 -3.42265e-09 -3.44174e-09 -3.45701e-09 -3.46855e-09 -3.47644e-09 -3.48074e-09
 -3.48155e-09 -3.47895e-09 -3.47302e-09 -3.46383e-09 -3.45149e-09 -3.43608e-09
 -3.41768e-09 -3.39639e-09 -3.37229e-09 -3.34548e-09 -3.31604e-09 -3.28406e-09
 -3.24964e-09 -3.21287e-09 -3.17384e-09 -3.13265e-09 -3.08938e-09 -3.04412e-09
 -2.99697e-09 -2.94801e-09 -2.89735e-09 -2.84506e-09 -2.79124e-09 -2.73598e-09
 -2.67936e-09 -2.62147e-09 -2.56241e-09 -2.50224e-09 -2.44107e-09 -2.37897e-09
 -2.31602e-09 -2.25232e-09 -2.18792e-09 -2.12293e-09 -2.05741e-09 -1.99143e-09
 -1.92509e-09 -1.85844e-09 -1.79156e-09 -1.72453e-09 -1.65740e-09 -1.59026e-09
 -1.52316e-09 -1.45616e-09 -1.38934e-09 -1.32275e-09 -1.25646e-09 -1.19051e-09
 -1.12497e-09 -1.05989e-09 -9.95317e-10 -9.31311e-10 -8.67917e-10 -8.05183e-10
 -7.43154e-10 -6.81874e-10 -6.21385e-10 -5.61726e-10 -5.02937e-10 -4.45055e-10
 -3.88113e-10 -3.32145e-10 -2.77183e-10 -2.23257e-10 -1.70393e-10 -1.18620e-10
 -6.79602e-11 -1.84379e-11  2.99260e-11  7.71117e-11  1.23101e-10  1.67879e-10
  2.11428e-10  2.53737e-10  2.94794e-10  3.34587e-10  3.73110e-10  4.10353e-10
  4.46311e-10  4.80980e-10  5.14356e-10  5.46438e-10  5.77225e-10  6.06718e-10
  6.34918e-10  6.61829e-10  6.87456e-10  7.11804e-10  7.34878e-10  7.56689e-10
  7.77243e-10  7.96551e-10  8.14624e-10  8.31472e-10  8.47110e-10  8.61550e-10
  8.74808e-10  8.86897e-10  8.97834e-10  9.07635e-10  9.16319e-10  9.23903e-10
  9.30406e-10  9.35847e-10  9.40246e-10  9.43624e-10  9.46001e-10  9.47400e-10
  9.47841e-10  9.47347e-10  9.45942e-10  9.43647e-10  9.40487e-10  9.36484e-10
  9.31664e-10  9.26049e-10  9.19665e-10  9.12536e-10  9.04686e-10  8.96140e-10
  8.86924e-10  8.77062e-10  8.66578e-10  8.55499e-10  8.43848e-10  8.31652e-10
  8.18934e-10  8.05720e-10  7.92033e-10  7.77900e-10  7.63344e-10  7.48389e-10
  7.33060e-10  7.17380e-10  7.01373e-10  6.85062e-10  6.68470e-10  6.51621e-10
  6.34537e-10  6.17240e-10  5.99752e-10  5.82094e-10  5.64288e-10  5.46355e-10
  5.28315e-10  5.10189e-10  4.91995e-10  4.73754e-10  4.55485e-10  4.37205e-10
  4.18933e-10  4.00686e-10  3.82483e-10  3.64339e-10  3.46270e-10  3.28293e-10
  3.10423e-10  2.92675e-10  2.75063e-10  2.57601e-10  2.40303e-10  2.23181e-10
  2.06249e-10  1.89517e-10  1.72998e-10  1.56703e-10  1.40642e-10  1.24826e-10
  1.09263e-10  9.39642e-11  7.89367e-11  6.41892e-11  4.97295e-11  3.55648e-11
  2.17018e-11  8.14706e-12 -5.09366e-12 -1.80149e-11 -3.06116e-11 -4.28792e-11
 -5.48135e-11 -6.64110e-11 -7.76681e-11 -8.85821e-11 -9.91505e-11 -1.09371e-10
 -1.19242e-10 -1.28763e-10 -1.37931e-10 -1.46748e-10 -1.55211e-10 -1.63323e-10
 -1.71082e-10 -1.78491e-10 -1.85549e-10 -1.92258e-10 -1.98621e-10 -2.04639e-10
 -2.10315e-10 -2.15650e-10 -2.20648e-10 -2.25313e-10 -2.29647e-10 -2.33654e-10
 -2.37338e-10 -2.40703e-10 -2.43754e-10 -2.46494e-10 -2.48929e-10 -2.51063e-10
 -2.52902e-10 -2.54450e-10 -2.55714e-10 -2.56698e-10 -2.57408e-10 -2.57851e-10
 -2.58032e-10 -2.57956e-10 -2.57631e-10 -2.57063e-10 -2.56257e-10 -2.55220e-10
 -2.53959e-10 -2.52481e-10 -2.50791e-10 -2.48897e-10 -2.46806e-10 -2.44523e-10
 -2.42056e-10 -2.39412e-10 -2.36597e-10 -2.33618e-10 -2.30482e-10 -2.27196e-10
 -2.23766e-10 -2.20200e-10 -2.16503e-10 -2.12684e-10 -2.08747e-10 -2.04701e-10
 -2.00551e-10 -1.96304e-10 -1.91966e-10 -1.87545e-10 -1.83045e-10 -1.78474e-10
 -1.73838e-10 -1.69142e-10 -1.64393e-10 -1.59596e-10 -1.54757e-10 -1.49883e-10
 -1.44978e-10 -1.40048e-10 -1.35099e-10 -1.30136e-10 -1.25164e-10 -1.20187e-10
 -1.15212e-10 -1.10243e-10 -1.05284e-10 -1.00340e-10 -9.54162e-11 -9.05160e-11
 -8.56440e-11 -8.08042e-11 -7.60005e-11 -7.12369e-11 -6.65169e-11 -6.18442e-11
 -5.72222e-11 -5.26542e-11 -4.81433e-11 -4.36927e-11 -3.93052e-11 -3.49836e-11
 -3.07305e-11 -2.65485e-11 -2.24400e-11 -1.84071e-11 -1.44522e-11 -1.05770e-11
 -6.78367e-12 -3.07379e-12  5.50963e-13  4.08907e-12  7.53913e-12  1.08999e-11
  1.41702e-11  1.73490e-11  2.04353e-11  2.34284e-11  2.63276e-11  2.91322e-11
  3.18418e-11  3.44560e-11  3.69744e-11  3.93970e-11  4.17236e-11  4.39543e-11
  4.60891e-11  4.81282e-11  5.00720e-11  5.19208e-11  5.36750e-11  5.53352e-11
  5.69020e-11  5.83761e-11  5.97583e-11  6.10493e-11  6.22502e-11  6.33618e-11
  6.43852e-11  6.53216e-11  6.61720e-11  6.69376e-11  6.76198e-11  6.82198e-11
  6.87391e-11  6.91790e-11  6.95410e-11  6.98266e-11  7.00373e-11  7.01747e-11
  7.02404e-11  7.02360e-11  7.01633e-11  7.00238e-11  6.98194e-11  6.95518e-11
  6.92227e-11  6.88339e-11  6.83872e-11  6.78845e-11  6.73275e-11  6.67181e-11
  6.60580e-11  6.53493e-11  6.45936e-11  6.37930e-11  6.29491e-11  6.20639e-11
  6.11392e-11  6.01768e-11  5.91786e-11  5.81465e-11  5.70821e-11  5.59874e-11
  5.48641e-11  5.37139e-11  5.25387e-11  5.13402e-11  5.01201e-11  4.88801e-11
  4.76219e-11  4.63471e-11  4.50575e-11  4.37545e-11  4.24398e-11  4.11150e-11
  3.97815e-11  3.84409e-11  3.70947e-11  3.57443e-11  3.43911e-11  3.30365e-11
  3.16819e-11  3.03285e-11  2.89778e-11  2.76308e-11  2.62890e-11  2.49533e-11
  2.36251e-11  2.23054e-11  2.09952e-11  1.96957e-11  1.84079e-11  1.71328e-11
  1.58712e-11  1.46241e-11  1.33923e-11  1.21768e-11  1.09783e-11  9.79751e-12
  8.63524e-12  7.49216e-12  6.36893e-12  5.26617e-12  4.18447e-12  3.12439e-12
  2.08644e-12  1.07112e-12  7.88696e-14 -8.89886e-13 -1.83476e-12 -2.75540e-12
 -3.65148e-12 -4.52272e-12 -5.36884e-12 -6.18964e-12 -6.98489e-12 -7.75445e-12
 -8.49816e-12 -9.21592e-12 -9.90764e-12 -1.05733e-11 -1.12128e-11 -1.18261e-11
 -1.24134e-11 -1.29746e-11 -1.35099e-11 -1.40192e-11 -1.45028e-11 -1.49607e-11
 -1.53932e-11 -1.58004e-11 -1.61825e-11 -1.65398e-11 -1.68724e-11 -1.71807e-11
 -1.74649e-11 -1.77253e-11 -1.79623e-11 -1.81761e-11 -1.83671e-11 -1.85356e-11
 -1.86821e-11 -1.88069e-11 -1.89104e-11 -1.89930e-11 -1.90550e-11 -1.90971e-11
 -1.91195e-11 -1.91227e-11 -1.91073e-11 -1.90735e-11 -1.90220e-11 -1.89531e-11
 -1.88674e-11 -1.87653e-11 -1.86473e-11 -1.85140e-11 -1.83658e-11 -1.82031e-11
 -1.80266e-11 -1.78368e-11 -1.76340e-11 -1.74188e-11 -1.71918e-11 -1.69534e-11
 -1.67042e-11 -1.64445e-11 -1.61750e-11 -1.58961e-11 -1.56084e-11 -1.53123e-11
 -1.50082e-11 -1.46968e-11 -1.43784e-11 -1.40536e-11 -1.37227e-11 -1.33864e-11
 -1.30450e-11 -1.26990e-11 -1.23488e-11 -1.19949e-11 -1.16377e-11 -1.12776e-11
 -1.09151e-11 -1.05506e-11 -1.01844e-11 -9.81701e-12 -9.44876e-12 -9.08005e-12
 -8.71124e-12 -8.34270e-12 -7.97478e-12 -7.60782e-12 -7.24216e-12 -6.87813e-12
 -6.51603e-12 -6.15619e-12 -5.79888e-12 -5.44441e-12 -5.09306e-12 -4.74508e-12
 -4.40074e-12 -4.06029e-12 -3.72397e-12 -3.39201e-12 -3.06462e-12 -2.74202e-12
 -2.42442e-12 -2.11199e-12 -1.80493e-12 -1.50339e-12 -1.20756e-12 -9.17578e-13
 -6.33589e-13 -3.55728e-13 -8.41207e-14  1.81116e-13  4.39876e-13  6.92060e-13
  9.37578e-13  1.17635e-12  1.40830e-12  1.63337e-12  1.85150e-12  2.06264e-12
  2.26676e-12  2.46381e-12  2.65379e-12  2.83666e-12  3.01242e-12  3.18107e-12
  3.34261e-12  3.49705e-12  3.64441e-12  3.78472e-12  3.91801e-12  4.04431e-12
  4.16366e-12  4.27612e-12  4.38174e-12  4.48057e-12  4.57269e-12  4.65816e-12
  4.73706e-12  4.80946e-12  4.87546e-12  4.93513e-12  4.98857e-12  5.03588e-12
  5.07716e-12  5.11250e-12  5.14202e-12  5.16582e-12  5.18402e-12  5.19673e-12
  5.20407e-12  5.20616e-12  5.20313e-12  5.19509e-12  5.18218e-12  5.16452e-12
  5.14225e-12  5.11549e-12  5.08438e-12  5.04904e-12  5.00963e-12  4.96626e-12
  4.91908e-12  4.86823e-12  4.81384e-12  4.75604e-12  4.69498e-12  4.63079e-12
  4.56361e-12  4.49358e-12  4.42083e-12  4.34549e-12  4.26771e-12  4.18762e-12
  4.10534e-12  4.02101e-12  3.93477e-12  3.84674e-12  3.75704e-12  3.66582e-12
  3.57319e-12  3.47927e-12  3.38419e-12  3.28807e-12  3.19103e-12  3.09318e-12
  2.99464e-12  2.89552e-12  2.79593e-12  2.69598e-12  2.59577e-12  2.49541e-12
  2.39501e-12  2.29465e-12  2.19444e-12  2.09447e-12  1.99484e-12  1.89562e-12
  1.79692e-12  1.69880e-12  1.60136e-12  1.50468e-12  1.40882e-12  1.31386e-12
  1.21988e-12  1.12695e-12  1.03512e-12  9.44465e-13  8.55042e-13  7.66909e-13
  6.80122e-13  5.94733e-13  5.10793e-13  4.28349e-13  3.47446e-13  2.68126e-13
  1.90428e-13  1.14391e-13  4.00479e-14 -3.25678e-14 -1.03427e-13 -1.72502e-13
 -2.39767e-13 -3.05201e-13 -3.68783e-13 -4.30495e-13 -4.90321e-13 -5.48248e-13
 -6.04264e-13 -6.58360e-13 -7.10529e-13 -7.60766e-13 -8.09068e-13 -8.55433e-13
 -8.99863e-13 -9.42359e-13 -9.82927e-13 -1.02157e-12 -1.05831e-12 -1.09313e-12
 -1.12607e-12 -1.15712e-12 -1.18631e-12 -1.21364e-12 -1.23915e-12 -1.26284e-12
 -1.28473e-12 -1.30486e-12 -1.32323e-12 -1.33987e-12 -1.35482e-12 -1.36809e-12
 -1.37970e-12 -1.38970e-12 -1.39810e-12 -1.40494e-12 -1.41025e-12 -1.41406e-12
 -1.41640e-12 -1.41730e-12 -1.41680e-12 -1.41492e-12 -1.41172e-12 -1.40721e-12
 -1.40144e-12 -1.39443e-12 -1.38624e-12 -1.37688e-12 -1.36641e-12 -1.35485e-12
 -1.34225e-12 -1.32864e-12 -1.31405e-12 -1.29853e-12 -1.28211e-12 -1.26483e-12
 -1.24673e-12 -1.22785e-12 -1.20821e-12 -1.18786e-12 -1.16684e-12 -1.14518e-12
 -1.12292e-12 -1.10009e-12 -1.07673e-12 -1.05287e-12 -1.02856e-12 -1.00382e-12
 -9.78686e-13 -9.53197e-13 -9.27384e-13 -9.01280e-13 -8.74918e-13 -8.48328e-13
 -8.21543e-13 -7.94593e-13 -7.67508e-13 -7.40318e-13 -7.13052e-13 -6.85739e-13
 -6.58406e-13 -6.31079e-13 -6.03787e-13 -5.76554e-13 -5.49406e-13 -5.22367e-13
 -4.95461e-13 -4.68711e-13 -4.42140e-13 -4.15768e-13 -3.89618e-13 -3.63709e-13
 -3.38060e-13 -3.12691e-13 -2.87620e-13 -2.62864e-13 -2.38440e-13 -2.14364e-13
 -1.90650e-13 -1.67314e-13 -1.44369e-13 -1.21828e-13 -9.97042e-14 -7.80085e-14
 -5.67521e-14 -3.59454e-14 -1.55978e-14  4.28159e-15  2.36846e-14  4.26035e-14
  6.10315e-14  7.89622e-14  9.63900e-14  1.13310e-13  1.29717e-13  1.45608e-13
  1.60980e-13  1.75829e-13  1.90154e-13  2.03954e-13  2.17227e-13  2.29972e-13
  2.42191e-13  2.53883e-13  2.65050e-13  2.75693e-13  2.85814e-13  2.95417e-13
  3.04503e-13  3.13076e-13  3.21141e-13  3.28700e-13  3.35760e-13  3.42324e-13
  3.48399e-13  3.53989e-13  3.59102e-13  3.63743e-13  3.67919e-13  3.71637e-13
  3.74904e-13  3.77728e-13  3.80117e-13  3.82078e-13  3.83620e-13  3.84751e-13
  3.85481e-13  3.85817e-13  3.85768e-13  3.85345e-13  3.84556e-13  3.83411e-13
  3.81919e-13  3.80090e-13  3.77934e-13  3.75461e-13  3.72680e-13  3.69602e-13
  3.66236e-13  3.62594e-13  3.58684e-13  3.54517e-13  3.50104e-13  3.45454e-13
  3.40578e-13  3.35485e-13  3.30186e-13  3.24691e-13  3.19011e-13  3.13153e-13
  3.07130e-13  3.00950e-13  2.94624e-13  2.88161e-13  2.81570e-13  2.74861e-13
  2.68043e-13  2.61126e-13  2.54119e-13  2.47030e-13  2.39869e-13  2.32644e-13
  2.25364e-13  2.18037e-13  2.10671e-13  2.03275e-13  1.95857e-13  1.88423e-13
  1.80983e-13  1.73542e-13  1.66110e-13  1.58692e-13  1.51295e-13  1.43926e-13
  1.36593e-13  1.29300e-13  1.22054e-13  1.14862e-13  1.07728e-13  1.00659e-13
  9.36591e-14  8.67345e-14  7.98899e-14  7.31299e-14  6.64592e-14  5.98822e-14
  5.34030e-14  4.70257e-14  4.07540e-14  3.45915e-14  2.85417e-14  2.26078e-14
  1.67928e-14  1.10996e-14  5.53075e-15  8.88266e-17 -5.22391e-15 -1.04053e-14
 -1.54535e-14 -2.03668e-14 -2.51434e-14 -2.97820e-14 -3.42814e-14 -3.86405e-14
 -4.28584e-14 -4.69343e-14 -5.08675e-14 -5.46578e-14 -5.83047e-14 -6.18081e-14
 -6.51680e-14 -6.83846e-14 -7.14580e-14 -7.43888e-14 -7.71774e-14 -7.98245e-14
 -8.23308e-14 -8.46974e-14 -8.69251e-14 -8.90152e-14 -9.09687e-14 -9.27872e-14
 -9.44720e-14 -9.60247e-14 -9.74468e-14 -9.87401e-14 -9.99064e-14 -1.00948e-13
 -1.01866e-13 -1.02662e-13 -1.03340e-13 -1.03901e-13 -1.04348e-13 -1.04681e-13
 -1.04905e-13 -1.05022e-13 -1.05033e-13 -1.04941e-13 -1.04750e-13 -1.04460e-13
 -1.04076e-13 -1.03599e-13 -1.03033e-13 -1.02379e-13 -1.01642e-13 -1.00822e-13
 -9.99243e-14 -9.89500e-14 -9.79024e-14 -9.67843e-14 -9.55983e-14 -9.43472e-14
 -9.30339e-14 -9.16610e-14 -9.02313e-14 -8.87477e-14 -8.72127e-14 -8.56292e-14
 -8.39997e-14 -8.23271e-14 -8.06139e-14 -7.88628e-14 -7.70764e-14 -7.52573e-14
 -7.34080e-14 -7.15310e-14 -6.96289e-14 -6.77041e-14 -6.57589e-14 -6.37959e-14
 -6.18172e-14 -5.98253e-14 -5.78224e-14 -5.58107e-14 -5.37923e-14 -5.17694e-14
 -4.97441e-14 -4.77184e-14 -4.56943e-14 -4.36737e-14 -4.16585e-14 -3.96506e-14
 -3.76517e-14 -3.56635e-14 -3.36879e-14 -3.17263e-14 -2.97803e-14 -2.78516e-14
 -2.59415e-14 -2.40515e-14 -2.21829e-14 -2.03371e-14 -1.85153e-14 -1.67187e-14
 -1.49485e-14 -1.32058e-14 -1.14916e-14 -9.80686e-15 -8.15262e-15 -6.52973e-15
 -4.93903e-15 -3.38130e-15 -1.85727e-15 -3.67643e-16  1.08696e-15  2.50595e-15
  3.88879e-15  5.23498e-15  6.54410e-15  7.81573e-15  9.04953e-15  1.02452e-14
  1.14025e-14  1.25211e-14  1.36010e-14  1.46420e-14  1.56439e-14  1.66068e-14
  1.75307e-14  1.84155e-14  1.92613e-14  2.00682e-14  2.08364e-14  2.15660e-14
  2.22573e-14  2.29104e-14  2.35257e-14  2.41035e-14  2.46440e-14  2.51476e-14
  2.56147e-14  2.60458e-14  2.64412e-14  2.68015e-14  2.71270e-14  2.74184e-14
  2.76761e-14  2.79007e-14  2.80928e-14  2.82529e-14  2.83816e-14  2.84796e-14
  2.85475e-14  2.85860e-14  2.85957e-14  2.85772e-14  2.85313e-14  2.84587e-14
  2.83601e-14  2.82361e-14  2.80876e-14  2.79152e-14  2.77197e-14  2.75018e-14
  2.72622e-14  2.70018e-14  2.67212e-14  2.64212e-14  2.61026e-14  2.57661e-14
  2.54124e-14  2.50424e-14  2.46568e-14  2.42562e-14  2.38415e-14  2.34135e-14
  2.29727e-14  2.25201e-14  2.20562e-14  2.15818e-14  2.10977e-14  2.06045e-14
  2.01029e-14  1.95936e-14  1.90773e-14  1.85547e-14  1.80264e-14  1.74931e-14
  1.69554e-14  1.64139e-14  1.58693e-14  1.53221e-14  1.47730e-14  1.42225e-14
  1.36713e-14  1.31198e-14  1.25686e-14  1.20182e-14  1.14692e-14  1.09221e-14
  1.03773e-14  9.83534e-15  9.29665e-15  8.76170e-15  8.23091e-15  7.70470e-15
  7.18348e-15  6.66763e-15  6.15754e-15  5.65356e-15  5.15604e-15  4.66531e-15
  4.18168e-15  3.70547e-15  3.23696e-15  2.77642e-15  2.32411e-15  1.88029e-15
  1.44517e-15  1.01898e-15  6.01917e-16  1.94177e-16 -2.04067e-16 -5.92651e-16
 -9.71426e-16 -1.34026e-15 -1.69902e-15 -2.04760e-15 -2.38590e-15 -2.71384e-15
 -3.03135e-15 -3.33835e-15 -3.63481e-15 -3.92068e-15 -4.19594e-15 -4.46056e-15
 -4.71455e-15 -4.95791e-15 -5.19066e-15 -5.41281e-15 -5.62441e-15 -5.82549e-15
 -6.01612e-15 -6.19635e-15 -6.36626e-15 -6.52592e-15 -6.67543e-15 -6.81488e-15
 -6.94437e-15 -7.06401e-15 -7.17392e-15 -7.27422e-15 -7.36505e-15 -7.44653e-15
 -7.51882e-15 -7.58206e-15 -7.63641e-15 -7.68201e-15 -7.71905e-15 -7.74767e-15
 -7.76806e-15 -7.78039e-15 -7.78484e-15 -7.78160e-15 -7.77084e-15 -7.75276e-15
 -7.72755e-15 -7.69540e-15 -7.65651e-15 -7.61108e-15 -7.55930e-15 -7.50139e-15
 -7.43754e-15 -7.36794e-15 -7.29282e-15 -7.21237e-15 -7.12680e-15 -7.03631e-15
 -6.94111e-15 -6.84140e-15 -6.73739e-15 -6.62929e-15 -6.51728e-15 -6.40158e-15
 -6.28238e-15 -6.15989e-15 -6.03431e-15 -5.90582e-15 -5.77463e-15 -5.64092e-15
 -5.50488e-15 -5.36671e-15 -5.22659e-15 -5.08470e-15 -4.94123e-15 -4.79634e-15
 -4.65022e-15 -4.50303e-15 -4.35495e-15 -4.20614e-15 -4.05676e-15 -3.90698e-15
 -3.75694e-15 -3.60681e-15 -3.45672e-15 -3.30683e-15 -3.15727e-15 -3.00819e-15
 -2.85972e-15 -2.71198e-15 -2.56511e-15 -2.41923e-15 -2.27445e-15 -2.13090e-15
 -1.98868e-15 -1.84789e-15 -1.70865e-15 -1.57105e-15 -1.43519e-15 -1.30115e-15
 -1.16903e-15 -1.03891e-15 -9.10869e-16 -7.84979e-16 -6.61314e-16 -5.39942e-16
 -4.20927e-16 -3.04328e-16 -1.90203e-16 -7.86029e-17  3.04224e-17  1.36828e-16
  2.40573e-16  3.41618e-16  4.39931e-16  5.35478e-16  6.28234e-16  7.18173e-16
  8.05276e-16  8.89524e-16  9.70904e-16  1.04940e-15  1.12502e-15  1.19773e-15
  1.26756e-15  1.33448e-15  1.39852e-15  1.45967e-15  1.51795e-15  1.57336e-15
  1.62592e-15  1.67565e-15  1.72256e-15  1.76667e-15  1.80802e-15  1.84662e-15
  1.88250e-15  1.91570e-15  1.94624e-15  1.97415e-15  1.99948e-15  2.02225e-15
  2.04252e-15  2.06031e-15  2.07566e-15  2.08863e-15  2.09926e-15  2.10758e-15
  2.11365e-15  2.11752e-15  2.11923e-15  2.11883e-15  2.11637e-15  2.11191e-15
  2.10550e-15  2.09718e-15  2.08702e-15  2.07507e-15  2.06137e-15  2.04599e-15
  2.02898e-15  2.01040e-15  1.99029e-15  1.96872e-15  1.94575e-15  1.92142e-15
  1.89580e-15  1.86894e-15  1.84089e-15  1.81172e-15  1.78147e-15  1.75020e-15
  1.71797e-15  1.68483e-15  1.65083e-15  1.61603e-15  1.58049e-15  1.54424e-15
  1.50735e-15  1.46987e-15  1.43184e-15  1.39332e-15  1.35436e-15  1.31500e-15
  1.27530e-15  1.23529e-15  1.19503e-15  1.15456e-15  1.11393e-15  1.07317e-15
  1.03234e-15  9.91470e-16  9.50604e-16  9.09783e-16  8.69043e-16  8.28424e-16
  7.87963e-16  7.47693e-16  7.07652e-16  6.67871e-16  6.28385e-16  5.89223e-16
  5.50417e-16  5.11997e-16  4.73989e-16  4.36423e-16  3.99323e-16  3.62715e-16
  3.26623e-16  2.91070e-16  2.56078e-16  2.21667e-16  1.87857e-16  1.54668e-16
  1.22116e-16  9.02182e-17  5.89903e-17  2.84466e-17 -1.39925e-18 -3.05347e-17
 -5.89483e-17 -8.66294e-17 -1.13568e-16 -1.39757e-16 -1.65187e-16 -1.89852e-16
 -2.13745e-16 -2.36863e-16 -2.59201e-16 -2.80755e-16 -3.01523e-16 -3.21504e-16
 -3.40697e-16 -3.59101e-16 -3.76719e-16 -3.93550e-16 -4.09598e-16 -4.24865e-16
 -4.39355e-16 -4.53072e-16 -4.66022e-16 -4.78210e-16 -4.89642e-16 -5.00325e-16
 -5.10266e-16 -5.19473e-16 -5.27955e-16 -5.35721e-16 -5.42780e-16 -5.49142e-16
 -5.54817e-16 -5.59816e-16 -5.64151e-16 -5.67833e-16 -5.70873e-16 -5.73285e-16
 -5.75080e-16 -5.76272e-16 -5.76873e-16 -5.76898e-16 -5.76359e-16 -5.75271e-16
 -5.73648e-16 -5.71505e-16 -5.68854e-16 -5.65712e-16 -5.62094e-16 -5.58012e-16
 -5.53484e-16 -5.48524e-16 -5.43146e-16 -5.37367e-16 -5.31201e-16 -5.24663e-16
 -5.17769e-16 -5.10534e-16 -5.02973e-16 -4.95100e-16 -4.86933e-16 -4.78484e-16
 -4.69770e-16 -4.60804e-16 -4.51602e-16 -4.42178e-16 -4.32547e-16 -4.22723e-16
 -4.12720e-16 -4.02553e-16 -3.92234e-16 -3.81778e-16 -3.71197e-16 -3.60507e-16
 -3.49719e-16 -3.38845e-16 -3.27900e-16 -3.16895e-16 -3.05843e-16 -2.94755e-16
 -2.83642e-16 -2.72518e-16 -2.61391e-16 -2.50274e-16 -2.39177e-16 -2.28111e-16
 -2.17085e-16 -2.06109e-16 -1.95193e-16 -1.84346e-16 -1.73576e-16 -1.62894e-16
 -1.52306e-16 -1.41821e-16 -1.31447e-16 -1.21192e-16 -1.11061e-16 -1.01063e-16
 -9.12045e-17 -8.14908e-17 -7.19284e-17 -6.25230e-17 -5.32800e-17 -4.42047e-17
 -3.53018e-17 -2.65760e-17 -1.80316e-17 -9.67259e-18 -1.50270e-18  6.47458e-18
  1.42560e-17  2.18387e-17  2.92200e-17  3.63975e-17  4.33689e-17  5.01325e-17
  5.66865e-17  6.30295e-17  6.91603e-17  7.50781e-17  8.07821e-17  8.62718e-17
  9.15470e-17  9.66076e-17  1.01454e-16  1.06086e-16  1.10505e-16  1.14710e-16
  1.18705e-16  1.22488e-16  1.26062e-16  1.29429e-16  1.32589e-16  1.35544e-16
  1.38298e-16  1.40851e-16  1.43206e-16  1.45366e-16  1.47332e-16  1.49108e-16
  1.50697e-16  1.52100e-16  1.53323e-16  1.54366e-16  1.55234e-16  1.55931e-16
  1.56458e-16  1.56821e-16  1.57022e-16  1.57065e-16  1.56954e-16  1.56693e-16
  1.56284e-16  1.55734e-16  1.55044e-16  1.54220e-16  1.53265e-16  1.52183e-16
  1.50978e-16  1.49655e-16  1.48217e-16  1.46669e-16  1.45014e-16  1.43258e-16
  1.41403e-16  1.39455e-16  1.37417e-16  1.35293e-16  1.33088e-16  1.30806e-16
  1.28450e-16  1.26025e-16  1.23534e-16  1.20983e-16  1.18374e-16  1.15711e-16
  1.12999e-16  1.10241e-16  1.07441e-16  1.04603e-16  1.01730e-16  9.88267e-17
  9.58957e-17  9.29407e-17  8.99653e-17  8.69729e-17  8.39667e-17  8.09501e-17
  7.79262e-17  7.48981e-17  7.18689e-17  6.88416e-17  6.58191e-17  6.28042e-17
  5.97997e-17  5.68082e-17  5.38325e-17  5.08749e-17  4.79379e-17  4.50240e-17
  4.21353e-17  3.92743e-17  3.64428e-17  3.36431e-17  3.08772e-17  2.81468e-17
  2.54538e-17  2.27999e-17  2.01869e-17  1.76163e-17  1.50895e-17  1.26081e-17
  1.01733e-17  7.78645e-18  5.44869e-18  3.16115e-18  9.24871e-19 -1.25919e-18
 -3.39013e-18 -5.46715e-18 -7.48950e-18 -9.45650e-18 -1.13676e-17 -1.32221e-17
 -1.50197e-17 -1.67600e-17 -1.84426e-17 -2.00672e-17 -2.16337e-17 -2.31419e-17
 -2.45916e-17 -2.59830e-17 -2.73159e-17 -2.85906e-17 -2.98071e-17 -3.09656e-17
 -3.20664e-17 -3.31098e-17 -3.40961e-17 -3.50258e-17 -3.58992e-17 -3.67168e-17
 -3.74792e-17 -3.81870e-17 -3.88407e-17 -3.94410e-17 -3.99886e-17 -4.04841e-17
 -4.09285e-17 -4.13223e-17 -4.16665e-17 -4.19619e-17 -4.22094e-17 -4.24098e-17
 -4.25641e-17 -4.26732e-17 -4.27382e-17 -4.27599e-17 -4.27394e-17 -4.26777e-17
 -4.25758e-17 -4.24349e-17 -4.22559e-17 -4.20400e-17 -4.17882e-17 -4.15016e-17
 -4.11814e-17 -4.08286e-17 -4.04444e-17 -4.00298e-17 -3.95861e-17 -3.91143e-17
 -3.86156e-17 -3.80911e-17 -3.75419e-17 -3.69691e-17 -3.63739e-17 -3.57573e-17
 -3.51206e-17 -3.44647e-17 -3.37908e-17 -3.30999e-17 -3.23932e-17 -3.16716e-17
 -3.09364e-17 -3.01884e-17 -2.94288e-17 -2.86585e-17 -2.78785e-17 -2.70899e-17
 -2.62936e-17 -2.54906e-17 -2.46818e-17 -2.38682e-17 -2.30506e-17 -2.22299e-17
 -2.14071e-17 -2.05829e-17 -1.97583e-17 -1.89339e-17 -1.81107e-17 -1.72894e-17
 -1.64707e-17 -1.56555e-17 -1.48443e-17 -1.40379e-17 -1.32370e-17 -1.24422e-17
 -1.16541e-17 -1.08734e-17 -1.01007e-17 -9.33642e-18 -8.58122e-18 -7.83559e-18
 -7.10004e-18 -6.37503e-18 -5.66103e-18 -4.95847e-18 -4.26777e-18 -3.58931e-18
 -2.92347e-18 -2.27060e-18 -1.63102e-18 -1.00504e-18 -3.92954e-19  2.04975e-19
  7.88501e-19  1.35740e-18  1.91145e-18  2.45048e-18  2.97432e-18  3.48281e-18
  3.97583e-18  4.45325e-18  4.91500e-18  5.36098e-18  5.79114e-18  6.20543e-18
  6.60383e-18  6.98633e-18  7.35293e-18  7.70364e-18  8.03852e-18  8.35760e-18
  8.66095e-18  8.94865e-18  9.22079e-18  9.47747e-18  9.71881e-18  9.94494e-18
  1.01560e-17  1.03521e-17  1.05335e-17  1.07003e-17  1.08528e-17  1.09910e-17
  1.11152e-17  1.12256e-17  1.13224e-17  1.14059e-17  1.14763e-17  1.15339e-17
  1.15788e-17  1.16114e-17  1.16318e-17  1.16405e-17  1.16375e-17  1.16233e-17
  1.15982e-17  1.15622e-17  1.15159e-17  1.14595e-17  1.13932e-17  1.13173e-17
  1.12323e-17  1.11383e-17  1.10357e-17  1.09247e-17  1.08057e-17  1.06791e-17
  1.05450e-17  1.04038e-17  1.02558e-17  1.01014e-17  9.94075e-18  9.77423e-18
  9.60214e-18  9.42478e-18  9.24243e-18  9.05541e-18  8.86399e-18  8.66848e-18
  8.46917e-18  8.26632e-18  8.06024e-18  7.85119e-18  7.63945e-18  7.42529e-18
  7.20898e-18  6.99078e-18  6.77094e-18  6.54972e-18  6.32737e-18  6.10414e-18
  5.88025e-18  5.65595e-18  5.43146e-18  5.20700e-18  4.98281e-18  4.75907e-18
  4.53602e-18  4.31383e-18  4.09272e-18  3.87287e-18  3.65447e-18  3.43769e-18
  3.22271e-18  3.00969e-18  2.79880e-18  2.59018e-18  2.38400e-18  2.18039e-18
  1.97950e-18  1.78144e-18  1.58635e-18  1.39435e-18  1.20555e-18  1.02006e-18
  8.37981e-19  6.59411e-19  4.84440e-19  3.13152e-19  1.45629e-19 -1.80575e-20
 -1.77838e-19 -3.33649e-19 -4.85433e-19 -6.33138e-19 -7.76717e-19 -9.16128e-19
 -1.05133e-18 -1.18230e-18 -1.30901e-18 -1.43142e-18 -1.54954e-18 -1.66334e-18
 -1.77281e-18 -1.87795e-18 -1.97876e-18 -2.07525e-18 -2.16743e-18 -2.25530e-18
 -2.33888e-18 -2.41820e-18 -2.49327e-18 -2.56413e-18 -2.63081e-18 -2.69333e-18
 -2.75175e-18 -2.80609e-18 -2.85641e-18 -2.90275e-18 -2.94515e-18 -2.98368e-18
 -3.01838e-18 -3.04931e-18 -3.07653e-18 -3.10011e-18 -3.12011e-18 -3.13658e-18
 -3.14961e-18 -3.15926e-18 -3.16559e-18 -3.16869e-18 -3.16862e-18 -3.16547e-18
 -3.15931e-18 -3.15021e-18 -3.13825e-18 -3.12352e-18 -3.10609e-18 -3.08605e-18
 -3.06347e-18 -3.03844e-18 -3.01105e-18 -2.98137e-18 -2.94948e-18 -2.91548e-18
 -2.87945e-18 -2.84146e-18 -2.80160e-18 -2.75996e-18 -2.71661e-18 -2.67165e-18
 -2.62515e-18 -2.57719e-18 -2.52786e-18 -2.47723e-18 -2.42540e-18 -2.37243e-18
 -2.31840e-18 -2.26340e-18 -2.20749e-18 -2.15076e-18 -2.09329e-18 -2.03513e-18
 -1.97637e-18 -1.91708e-18 -1.85734e-18 -1.79719e-18 -1.73673e-18 -1.67601e-18
 -1.61509e-18 -1.55405e-18 -1.49294e-18 -1.43183e-18 -1.37077e-18 -1.30983e-18
 -1.24906e-18 -1.18851e-18 -1.12824e-18 -1.06831e-18 -1.00875e-18 -9.49629e-19
 -8.90985e-19 -8.32864e-19 -7.75313e-19 -7.18372e-19 -6.62083e-19 -6.06486e-19
 -5.51619e-19 -4.97517e-19 -4.44214e-19 -3.91745e-19 -3.40141e-19 -2.89430e-19
 -2.39642e-19 -1.90803e-19 -1.42938e-19 -9.60706e-20 -5.02230e-20 -5.41558e-21
  3.83327e-20  8.10044e-20  1.22583e-19  1.63055e-19  2.02406e-19  2.40626e-19
  2.77702e-19  3.13627e-19  3.48393e-19  3.81993e-19  4.14422e-19  4.45677e-19
  4.75755e-19  5.04655e-19  5.32376e-19  5.58919e-19  5.84286e-19  6.08481e-19
  6.31508e-19  6.53373e-19  6.74080e-19  6.93639e-19  7.12056e-19  7.29342e-19
  7.45505e-19  7.60558e-19  7.74512e-19  7.87378e-19  7.99171e-19  8.09905e-19
  8.19594e-19  8.28254e-19  8.35900e-19  8.42549e-19  8.48219e-19  8.52927e-19
  8.56692e-19  8.59531e-19  8.61465e-19  8.62513e-19  8.62695e-19  8.62031e-19
  8.60543e-19  8.58250e-19  8.55176e-19  8.51340e-19  8.46765e-19  8.41474e-19
  8.35487e-19  8.28828e-19  8.21519e-19  8.13582e-19  8.05040e-19  7.95917e-19
  7.86233e-19  7.76014e-19  7.65280e-19  7.54055e-19  7.42361e-19  7.30221e-19
  7.17658e-19  7.04693e-19  6.91349e-19  6.77648e-19  6.63611e-19  6.49261e-19
  6.34618e-19  6.19705e-19  6.04541e-19  5.89148e-19  5.73546e-19  5.57756e-19
  5.41797e-19  5.25688e-19  5.09450e-19  4.93100e-19  4.76658e-19  4.60142e-19
  4.43570e-19  4.26958e-19  4.10325e-19  3.93687e-19  3.77060e-19  3.60461e-19
  3.43904e-19  3.27405e-19  3.10979e-19  2.94640e-19  2.78402e-19  2.62278e-19
  2.46281e-19  2.30424e-19  2.14719e-19  1.99178e-19  1.83812e-19  1.68631e-19
  1.53647e-19  1.38869e-19  1.24306e-19  1.09968e-19  9.58636e-20  8.20007e-20
  6.83871e-20  5.50303e-20  4.19371e-20  2.91140e-20  1.65671e-20  4.30217e-21
 -7.67562e-21 -1.93614e-20 -3.07507e-20 -4.18394e-20 -5.26240e-20 -6.31010e-20
 -7.32676e-20 -8.31212e-20 -9.26598e-20 -1.01881e-19 -1.10784e-19 -1.19368e-19
 -1.27631e-19 -1.35574e-19 -1.43196e-19 -1.50497e-19 -1.57477e-19 -1.64139e-19
 -1.70482e-19 -1.76508e-19 -1.82219e-19 -1.87616e-19 -1.92703e-19 -1.97480e-19
 -2.01952e-19 -2.06120e-19 -2.09989e-19 -2.13560e-19 -2.16839e-19 -2.19828e-19
 -2.22532e-19 -2.24955e-19 -2.27100e-19 -2.28974e-19 -2.30579e-19 -2.31922e-19
 -2.33006e-19 -2.33838e-19 -2.34421e-19 -2.34762e-19 -2.34867e-19 -2.34739e-19
 -2.34386e-19 -2.33813e-19 -2.33025e-19 -2.32029e-19 -2.30830e-19 -2.29434e-19
 -2.27848e-19 -2.26078e-19 -2.24129e-19 -2.22007e-19 -2.19720e-19 -2.17273e-19
 -2.14672e-19 -2.11923e-19 -2.09033e-19 -2.06008e-19 -2.02854e-19 -1.99577e-19
 -1.96183e-19 -1.92679e-19 -1.89070e-19 -1.85362e-19 -1.81561e-19 -1.77674e-19
 -1.73706e-19 -1.69663e-19 -1.65550e-19 -1.61374e-19 -1.57139e-19 -1.52852e-19
 -1.48518e-19 -1.44141e-19 -1.39728e-19 -1.35284e-19 -1.30813e-19 -1.26321e-19
 -1.21813e-19 -1.17293e-19 -1.12766e-19 -1.08236e-19 -1.03708e-19 -9.91873e-20
 -9.46769e-20 -9.01813e-20 -8.57045e-20 -8.12505e-20 -7.68231e-20 -7.24259e-20
 -6.80626e-20 -6.37365e-20 -5.94511e-20 -5.52095e-20 -5.10148e-20 -4.68700e-20
 -4.27780e-20 -3.87414e-20 -3.47630e-20 -3.08452e-20 -2.69904e-20 -2.32008e-20
 -1.94786e-20 -1.58258e-20 -1.22444e-20 -8.73616e-21 -5.30270e-21 -1.94564e-21
  1.33357e-21  4.53358e-21  7.65315e-21  1.06912e-20  1.36466e-20  1.65185e-20
  1.93060e-20  2.20085e-20  2.46254e-20  2.71561e-20  2.96002e-20  3.19573e-20
  3.42273e-20  3.64100e-20  3.85053e-20  4.05134e-20  4.24342e-20  4.42680e-20
  4.60150e-20  4.76757e-20  4.92505e-20  5.07398e-20  5.21443e-20  5.34645e-20
  5.47012e-20  5.58553e-20  5.69274e-20  5.79186e-20  5.88297e-20  5.96618e-20
  6.04160e-20  6.10933e-20  6.16950e-20  6.22222e-20  6.26763e-20  6.30584e-20
  6.33699e-20  6.36123e-20  6.37868e-20  6.38951e-20  6.39384e-20  6.39183e-20
  6.38364e-20  6.36942e-20  6.34933e-20  6.32352e-20  6.29216e-20  6.25540e-20
  6.21343e-20  6.16638e-20  6.11445e-20  6.05778e-20  5.99655e-20  5.93093e-20
  5.86109e-20  5.78719e-20  5.70940e-20  5.62789e-20  5.54283e-20  5.45438e-20
  5.36272e-20  5.26801e-20  5.17040e-20  5.07008e-20  4.96719e-20  4.86191e-20
  4.75438e-20  4.64477e-20  4.53324e-20  4.41993e-20  4.30501e-20  4.18862e-20
  4.07091e-20  3.95202e-20  3.83211e-20  3.71131e-20  3.58976e-20  3.46759e-20
  3.34495e-20  3.22195e-20  3.09874e-20  2.97543e-20  2.85215e-20  2.72902e-20
  2.60615e-20  2.48366e-20  2.36166e-20  2.24025e-20  2.11954e-20  1.99963e-20
  1.88062e-20  1.76260e-20  1.64567e-20  1.52991e-20  1.41541e-20  1.30225e-20
  1.19051e-20  1.08026e-20  9.71574e-21  8.64525e-21  7.59175e-21  6.55588e-21
  5.53822e-21  4.53934e-21  3.55976e-21  2.59998e-21  1.66046e-21  7.41645e-22
 -1.56069e-22 -1.03231e-21 -1.88672e-21 -2.71900e-21 -3.52885e-21 -4.31603e-21
 -5.08029e-21 -5.82145e-21 -6.53932e-21 -7.23377e-21 -7.90466e-21 -8.55191e-21
 -9.17544e-21 -9.77521e-21 -1.03512e-20 -1.09034e-20 -1.14319e-20 -1.19366e-20
 -1.24178e-20 -1.28754e-20 -1.33095e-20 -1.37204e-20 -1.41081e-20 -1.44729e-20
 -1.48149e-20 -1.51343e-20 -1.54314e-20 -1.57064e-20 -1.59595e-20 -1.61910e-20
 -1.64013e-20 -1.65905e-20 -1.67591e-20 -1.69074e-20 -1.70356e-20 -1.71442e-20
 -1.72334e-20 -1.73038e-20 -1.73556e-20 -1.73892e-20 -1.74051e-20 -1.74037e-20
 -1.73853e-20 -1.73504e-20 -1.72994e-20 -1.72327e-20 -1.71508e-20 -1.70542e-20
 -1.69432e-20 -1.68183e-20 -1.66800e-20 -1.65287e-20 -1.63649e-20 -1.61890e-20
 -1.60015e-20 -1.58029e-20 -1.55935e-20 -1.53739e-20 -1.51446e-20 -1.49059e-20
 -1.46584e-20 -1.44025e-20 -1.41386e-20 -1.38671e-20 -1.35886e-20 -1.33035e-20
 -1.30122e-20 -1.27150e-20 -1.24126e-20 -1.21052e-20 -1.17934e-20 -1.14774e-20
 -1.11578e-20 -1.08348e-20 -1.05090e-20 -1.01807e-20 -9.85019e-21 -9.51797e-21
 -9.18436e-21 -8.84972e-21 -8.51440e-21 -8.17874e-21 -7.84308e-21 -7.50775e-21
 -7.17306e-21 -6.83932e-21 -6.50685e-21 -6.17592e-21 -5.84684e-21 -5.51987e-21
 -5.19529e-21 -4.87335e-21 -4.55430e-21 -4.23840e-21 -3.92586e-21 -3.61692e-21
 -3.31180e-21 -3.01069e-21 -2.71380e-21 -2.42131e-21 -2.13342e-21 -1.85028e-21
 -1.57206e-21 -1.29892e-21 -1.03100e-21 -7.68440e-22 -5.11368e-22 -2.59904e-22
 -1.41601e-23  2.25760e-22  4.59760e-22  6.87754e-22  9.09660e-22  1.12541e-21
  1.33493e-21  1.53818e-21  1.73510e-21  1.92565e-21  2.10979e-21  2.28750e-21
  2.45876e-21  2.62356e-21  2.78188e-21  2.93372e-21  3.07910e-21  3.21803e-21
  3.35051e-21  3.47658e-21  3.59627e-21  3.70960e-21  3.81662e-21  3.91739e-21
  4.01193e-21  4.10032e-21  4.18261e-21  4.25887e-21  4.32916e-21  4.39356e-21
  4.45215e-21  4.50500e-21  4.55221e-21  4.59385e-21  4.63003e-21  4.66083e-21
  4.68635e-21  4.70670e-21  4.72197e-21  4.73228e-21  4.73773e-21  4.73843e-21
  4.73449e-21  4.72603e-21  4.71316e-21  4.69600e-21  4.67466e-21  4.64928e-21
  4.61997e-21  4.58684e-21  4.55003e-21  4.50966e-21  4.46585e-21  4.41873e-21
  4.36841e-21  4.31503e-21  4.25871e-21  4.19958e-21  4.13776e-21  4.07337e-21
  4.00653e-21  3.93738e-21  3.86603e-21  3.79261e-21  3.71723e-21  3.64001e-21
  3.56109e-21  3.48056e-21  3.39855e-21  3.31518e-21  3.23055e-21  3.14479e-21
  3.05799e-21  2.97028e-21  2.88175e-21  2.79252e-21  2.70268e-21  2.61234e-21
  2.52160e-21  2.43055e-21  2.33930e-21  2.24793e-21  2.15655e-21  2.06523e-21
  1.97406e-21  1.88314e-21  1.79254e-21  1.70235e-21  1.61263e-21  1.52348e-21
  1.43496e-21  1.34714e-21  1.26009e-21  1.17389e-21  1.08858e-21  1.00424e-21
  9.20930e-22  8.38696e-22  7.57598e-22  6.77688e-22  5.99015e-22  5.21627e-22
  4.45569e-22  3.70882e-22  2.97609e-22  2.25786e-22  1.55449e-22  8.66308e-23
  1.93632e-23 -4.63252e-23 -1.10408e-22 -1.72861e-22 -2.33662e-22 -2.92790e-22
 -3.50229e-22 -4.05961e-22 -4.59974e-22 -5.12255e-22 -5.62794e-22 -6.11584e-22
 -6.58619e-22 -7.03894e-22 -7.47407e-22 -7.89158e-22 -8.29147e-22 -8.67378e-22
 -9.03855e-22 -9.38584e-22 -9.71572e-22 -1.00283e-21 -1.03237e-21 -1.06020e-21
 -1.08633e-21 -1.11078e-21 -1.13357e-21 -1.15471e-21 -1.17423e-21 -1.19213e-21
 -1.20845e-21 -1.22320e-21 -1.23641e-21 -1.24810e-21 -1.25830e-21 -1.26702e-21
 -1.27430e-21 -1.28017e-21 -1.28465e-21 -1.28777e-21 -1.28956e-21 -1.29005e-21
 -1.28927e-21 -1.28725e-21 -1.28402e-21 -1.27962e-21 -1.27408e-21 -1.26742e-21
 -1.25969e-21 -1.25091e-21 -1.24112e-21 -1.23036e-21 -1.21865e-21 -1.20602e-21
 -1.19253e-21 -1.17819e-21 -1.16304e-21 -1.14712e-21 -1.13045e-21 -1.11309e-21
 -1.09504e-21 -1.07636e-21 -1.05708e-21 -1.03722e-21 -1.01682e-21 -9.95910e-22
 -9.74529e-22 -9.52705e-22 -9.30471e-22 -9.07858e-22 -8.84897e-22 -8.61619e-22
 -8.38053e-22 -8.14229e-22 -7.90178e-22 -7.65927e-22 -7.41506e-22 -7.16942e-22
 -6.92262e-22 -6.67493e-22 -6.42662e-22 -6.17794e-22 -5.92914e-22 -5.68047e-22
 -5.43217e-22 -5.18447e-22 -4.93760e-22 -4.69178e-22 -4.44722e-22 -4.20413e-22
 -3.96272e-22 -3.72319e-22 -3.48571e-22 -3.25047e-22 -3.01765e-22 -2.78742e-22
 -2.55994e-22 -2.33537e-22 -2.11385e-22 -1.89554e-22 -1.68056e-22 -1.46905e-22
 -1.26114e-22 -1.05693e-22 -8.56542e-23 -6.60080e-23 -4.67641e-23 -2.79318e-23
 -9.51965e-24  8.46442e-24  2.60130e-23  4.31194e-23  5.97773e-23  7.59813e-23
  9.17262e-23  1.07008e-22  1.21822e-22  1.36165e-22  1.50035e-22  1.63429e-22
  1.76345e-22  1.88783e-22  2.00741e-22  2.12220e-22  2.23218e-22  2.33738e-22
  2.43780e-22  2.53346e-22  2.62437e-22  2.71057e-22  2.79207e-22  2.86891e-22
  2.94114e-22  3.00877e-22  3.07187e-22  3.13047e-22  3.18463e-22  3.23440e-22
  3.27983e-22  3.32098e-22  3.35792e-22  3.39070e-22  3.41940e-22  3.44408e-22
  3.46482e-22  3.48169e-22  3.49476e-22  3.50411e-22  3.50982e-22  3.51198e-22
  3.51065e-22  3.50594e-22  3.49792e-22  3.48668e-22  3.47231e-22  3.45489e-22
  3.43451e-22  3.41127e-22  3.38526e-22  3.35657e-22  3.32528e-22  3.29149e-22
  3.25529e-22  3.21679e-22  3.17605e-22  3.13319e-22  3.08830e-22  3.04145e-22
  2.99276e-22  2.94230e-22  2.89017e-22  2.83646e-22  2.78126e-22  2.72466e-22
  2.66675e-22  2.60762e-22  2.54734e-22  2.48601e-22  2.42372e-22  2.36054e-22
  2.29656e-22  2.23186e-22  2.16653e-22  2.10063e-22  2.03424e-22  1.96746e-22
  1.90034e-22  1.83296e-22  1.76539e-22  1.69771e-22  1.62998e-22  1.56227e-22
  1.49464e-22  1.42716e-22  1.35990e-22  1.29291e-22  1.22624e-22  1.15997e-22
  1.09414e-22  1.02880e-22  9.64014e-23  8.99826e-23  8.36286e-23  7.73440e-23
  7.11333e-23  6.50007e-23  5.89505e-23  5.29864e-23  4.71124e-23  4.13320e-23
  3.56486e-23  3.00654e-23  2.45855e-23  1.92119e-23  1.39471e-23  8.79386e-24
  3.75443e-24 -1.16895e-24 -5.97423e-24 -1.06595e-23 -1.52231e-23 -1.96635e-23
 -2.39792e-23 -2.81690e-23 -3.22318e-23 -3.61666e-23 -3.99727e-23 -4.36494e-23
 -4.71962e-23 -5.06128e-23 -5.38988e-23 -5.70542e-23 -6.00789e-23 -6.29733e-23
 -6.57375e-23 -6.83719e-23 -7.08771e-23 -7.32536e-23 -7.55022e-23 -7.76238e-23
 -7.96193e-23 -8.14898e-23 -8.32364e-23 -8.48603e-23 -8.63628e-23 -8.77455e-23
 -8.90098e-23 -9.01572e-23 -9.11894e-23 -9.21082e-23 -9.29154e-23 -9.36127e-23
 -9.42022e-23 -9.46859e-23 -9.50657e-23 -9.53438e-23 -9.55223e-23 -9.56034e-23
 -9.55894e-23 -9.54825e-23 -9.52850e-23 -9.49993e-23 -9.46277e-23 -9.41727e-23
 -9.36367e-23 -9.30221e-23 -9.23314e-23 -9.15670e-23 -9.07315e-23 -8.98274e-23
 -8.88572e-23 -8.78233e-23 -8.67284e-23 -8.55749e-23 -8.43654e-23 -8.31023e-23
 -8.17882e-23 -8.04256e-23 -7.90169e-23 -7.75646e-23 -7.60712e-23 -7.45390e-23
 -7.29706e-23 -7.13683e-23 -6.97344e-23 -6.80714e-23 -6.63815e-23 -6.46670e-23
 -6.29301e-23 -6.11732e-23 -5.93983e-23 -5.76077e-23 -5.58034e-23 -5.39876e-23
 -5.21623e-23 -5.03295e-23 -4.84911e-23 -4.66491e-23 -4.48054e-23 -4.29617e-23
 -4.11200e-23 -3.92820e-23 -3.74493e-23 -3.56236e-23 -3.38065e-23 -3.19997e-23
 -3.02045e-23 -2.84226e-23 -2.66552e-23 -2.49039e-23 -2.31699e-23 -2.14544e-23
 -1.97588e-23 -1.80842e-23 -1.64318e-23 -1.48026e-23 -1.31976e-23 -1.16179e-23
 -1.00644e-23 -8.53805e-24 -7.03958e-24 -5.56984e-24 -4.12959e-24 -2.71952e-24
 -1.34029e-24  7.47225e-27  1.32321e-24  2.60641e-24  3.85658e-24  5.07330e-24
  6.25616e-24  7.40482e-24  8.51897e-24  9.59835e-24  1.06427e-23  1.16519e-23
  1.26258e-23  1.35642e-23  1.44671e-23  1.53344e-23  1.61662e-23  1.69624e-23
  1.77232e-23  1.84487e-23  1.91389e-23  1.97940e-23  2.04143e-23  2.10000e-23
  2.15512e-23  2.20684e-23  2.25517e-23  2.30016e-23  2.34183e-23  2.38024e-23
  2.41540e-23  2.44738e-23  2.47621e-23  2.50194e-23  2.52462e-23  2.54430e-23
  2.56103e-23  2.57487e-23  2.58587e-23  2.59408e-23  2.59957e-23  2.60239e-23
  2.60261e-23  2.60029e-23  2.59548e-23  2.58826e-23  2.57869e-23  2.56683e-23
  2.55274e-23  2.53651e-23  2.51818e-23  2.49783e-23  2.47554e-23  2.45135e-23
  2.42536e-23  2.39761e-23  2.36819e-23  2.33715e-23  2.30457e-23  2.27052e-23
  2.23507e-23  2.19827e-23  2.16021e-23  2.12095e-23  2.08055e-23  2.03908e-23
  1.99660e-23  1.95319e-23  1.90891e-23  1.86381e-23  1.81797e-23  1.77145e-23
  1.72430e-23  1.67660e-23  1.62839e-23  1.57973e-23  1.53070e-23  1.48133e-23
  1.43170e-23  1.38184e-23  1.33183e-23  1.28170e-23  1.23151e-23  1.18132e-23
  1.13116e-23  1.08110e-23  1.03116e-23  9.81414e-24  9.31888e-24  8.82630e-24
  8.33682e-24  7.85083e-24  7.36873e-24  6.89090e-24  6.41770e-24  5.94948e-24
  5.48658e-24  5.02933e-24  4.57804e-24  4.13300e-24  3.69451e-24  3.26282e-24
  2.83822e-24  2.42093e-24  2.01119e-24  1.60922e-24  1.21524e-24  8.29428e-25
  4.51973e-25  8.30436e-26 -2.77203e-25 -6.28621e-25 -9.71078e-25 -1.30445e-24
 -1.62864e-24 -1.94353e-24 -2.24905e-24 -2.54512e-24 -2.83167e-24 -3.10865e-24
 -3.37602e-24 -3.63375e-24 -3.88182e-24 -4.12020e-24 -4.34891e-24 -4.56794e-24
 -4.77731e-24 -4.97705e-24 -5.16719e-24 -5.34778e-24 -5.51886e-24 -5.68049e-24
 -5.83275e-24 -5.97570e-24 -6.10943e-24 -6.23402e-24 -6.34958e-24 -6.45620e-24
 -6.55399e-24 -6.64306e-24 -6.72354e-24 -6.79556e-24 -6.85923e-24 -6.91471e-24
 -6.96212e-24 -7.00162e-24 -7.03335e-24 -7.05747e-24 -7.07413e-24 -7.08351e-24
 -7.08575e-24 -7.08102e-24 -7.06951e-24 -7.05137e-24 -7.02679e-24 -6.99594e-24
 -6.95900e-24 -6.91615e-24 -6.86758e-24 -6.81346e-24 -6.75398e-24 -6.68933e-24
 -6.61970e-24 -6.54526e-24 -6.46621e-24 -6.38273e-24 -6.29501e-24 -6.20323e-24
 -6.10759e-24 -6.00826e-24 -5.90543e-24 -5.79929e-24 -5.69001e-24 -5.57778e-24
 -5.46277e-24 -5.34518e-24 -5.22516e-24 -5.10290e-24 -4.97856e-24 -4.85233e-24
 -4.72436e-24 -4.59482e-24 -4.46389e-24 -4.33171e-24 -4.19844e-24 -4.06425e-24
 -3.92928e-24 -3.79368e-24 -3.65761e-24 -3.52120e-24 -3.38460e-24 -3.24795e-24
 -3.11137e-24 -2.97500e-24 -2.83897e-24 -2.70341e-24 -2.56843e-24 -2.43415e-24
 -2.30068e-24 -2.16815e-24 -2.03665e-24 -1.90628e-24 -1.77716e-24 -1.64936e-24
 -1.52300e-24 -1.39815e-24 -1.27491e-24 -1.15335e-24 -1.03355e-24 -9.15588e-25
 -7.99537e-25 -6.85464e-25 -5.73432e-25 -4.63502e-25 -3.55731e-25 -2.50174e-25
 -1.46880e-25 -4.58972e-26  5.27317e-26  1.48966e-25  2.42769e-25  3.34108e-25
  4.22950e-25  5.09270e-25  5.93042e-25  6.74247e-25  7.52864e-25  8.28880e-25
  9.02282e-25  9.73060e-25  1.04121e-24  1.10672e-24  1.16960e-24  1.22984e-24
  1.28746e-24  1.34245e-24  1.39482e-24  1.44459e-24  1.49177e-24  1.53637e-24
  1.57842e-24  1.61793e-24  1.65492e-24  1.68942e-24  1.72145e-24  1.75104e-24
  1.77822e-24  1.80302e-24  1.82548e-24  1.84562e-24  1.86348e-24  1.87910e-24
  1.89252e-24  1.90377e-24  1.91290e-24  1.91995e-24  1.92496e-24  1.92797e-24
  1.92903e-24  1.92818e-24  1.92548e-24  1.92096e-24  1.91467e-24  1.90667e-24
  1.89699e-24  1.88570e-24  1.87284e-24  1.85845e-24  1.84260e-24  1.82533e-24
  1.80668e-24  1.78672e-24  1.76549e-24  1.74304e-24  1.71942e-24  1.69469e-24
  1.66889e-24  1.64208e-24  1.61431e-24  1.58562e-24  1.55606e-24  1.52570e-24
  1.49456e-24  1.46271e-24  1.43018e-24  1.39704e-24  1.36332e-24  1.32907e-24
  1.29434e-24  1.25917e-24  1.22361e-24  1.18770e-24  1.15148e-24  1.11501e-24
  1.07831e-24  1.04143e-24  1.00441e-24  9.67297e-25  9.30118e-25  8.92916e-25
  8.55726e-25  8.18586e-25  7.81529e-25  7.44591e-25  7.07804e-25  6.71201e-25
  6.34812e-25  5.98669e-25  5.62801e-25  5.27236e-25  4.92002e-25  4.57125e-25
  4.22631e-25  3.88544e-25  3.54888e-25  3.21686e-25  2.88958e-25  2.56726e-25
  2.25010e-25  1.93827e-25  1.63196e-25  1.33134e-25  1.03656e-25  7.47771e-26
  4.65113e-26  1.88717e-26 -8.12968e-27 -3.44817e-26 -6.01742e-26 -8.51976e-26
 -1.09544e-25 -1.33204e-25 -1.56173e-25 -1.78444e-25 -2.00012e-25 -2.20872e-25
 -2.41021e-25 -2.60457e-25 -2.79177e-25 -2.97180e-25 -3.14466e-25 -3.31035e-25
 -3.46886e-25 -3.62024e-25 -3.76448e-25 -3.90163e-25 -4.03171e-25 -4.15478e-25
 -4.27087e-25 -4.38003e-25 -4.48233e-25 -4.57783e-25 -4.66660e-25 -4.74871e-25
 -4.82424e-25 -4.89326e-25 -4.95588e-25 -5.01218e-25 -5.06225e-25 -5.10620e-25
 -5.14412e-25 -5.17612e-25 -5.20232e-25 -5.22282e-25 -5.23774e-25 -5.24720e-25
 -5.25132e-25 -5.25022e-25 -5.24403e-25 -5.23287e-25 -5.21687e-25 -5.19616e-25
 -5.17088e-25 -5.14116e-25 -5.10713e-25 -5.06893e-25 -5.02669e-25 -4.98055e-25
 -4.93065e-25 -4.87713e-25 -4.82013e-25 -4.75978e-25 -4.69622e-25 -4.62959e-25
 -4.56003e-25 -4.48768e-25 -4.41266e-25 -4.33513e-25 -4.25521e-25 -4.17304e-25
 -4.08876e-25 -4.00248e-25 -3.91436e-25 -3.82451e-25 -3.73307e-25 -3.64015e-25
 -3.54590e-25 -3.45042e-25 -3.35385e-25 -3.25631e-25 -3.15790e-25 -3.05876e-25
 -2.95898e-25 -2.85869e-25 -2.75800e-25 -2.65701e-25 -2.55582e-25 -2.45455e-25
 -2.35329e-25 -2.25214e-25 -2.15119e-25 -2.05055e-25 -1.95030e-25 -1.85053e-25
 -1.75132e-25 -1.65276e-25 -1.55494e-25 -1.45791e-25 -1.36178e-25 -1.26660e-25
 -1.17244e-25 -1.07938e-25 -9.87473e-26 -8.96789e-26 -8.07385e-26 -7.19318e-26
 -6.32640e-26 -5.47406e-26 -4.63662e-26 -3.81455e-26 -3.00829e-26 -2.21825e-26
 -1.44482e-26 -6.88350e-27  5.08209e-28  7.72383e-27  1.47605e-26  2.16156e-26
  2.82868e-26  3.47720e-26  4.10692e-26  4.71767e-26  5.30931e-26  5.88173e-26
  6.43480e-26  6.96847e-26  7.48266e-26  7.97734e-26  8.45249e-26  8.90811e-26
  9.34422e-26  9.76086e-26  1.01581e-25  1.05360e-25  1.08946e-25  1.12341e-25
  1.15545e-25  1.18561e-25  1.21390e-25  1.24033e-25  1.26492e-25  1.28770e-25
  1.30868e-25  1.32788e-25  1.34533e-25  1.36106e-25  1.37508e-25  1.38744e-25
  1.39814e-25  1.40723e-25  1.41473e-25  1.42067e-25  1.42508e-25  1.42800e-25
  1.42946e-25  1.42949e-25  1.42813e-25  1.42540e-25  1.42135e-25  1.41601e-25
  1.40942e-25  1.40161e-25  1.39261e-25  1.38248e-25  1.37123e-25  1.35892e-25
  1.34557e-25  1.33123e-25  1.31593e-25  1.29971e-25  1.28261e-25  1.26466e-25
  1.24591e-25  1.22638e-25  1.20613e-25  1.18518e-25  1.16357e-25  1.14134e-25
  1.11853e-25  1.09516e-25  1.07129e-25  1.04693e-25  1.02214e-25  9.96934e-26
  9.71357e-26  9.45441e-26  9.19218e-26  8.92721e-26  8.65984e-26  8.39037e-26
  8.11912e-26  7.84640e-26  7.57251e-26  7.29773e-26  7.02237e-26  6.74670e-26
  6.47101e-26  6.19554e-26  5.92059e-26  5.64639e-26  5.37320e-26  5.10125e-26
  4.83080e-26  4.56206e-26  4.29525e-26  4.03059e-26  3.76829e-26  3.50855e-26
  3.25155e-26  2.99749e-26  2.74654e-26  2.49888e-26  2.25466e-26  2.01404e-26
  1.77718e-26  1.54421e-26  1.31527e-26  1.09048e-26  8.69975e-27  6.53856e-27
  4.42233e-27  2.35206e-27  3.28685e-28 -1.64695e-27 -3.57404e-27 -5.45188e-27
 -7.27978e-27 -9.05716e-27 -1.07835e-26 -1.24583e-26 -1.40812e-26 -1.56518e-26
 -1.71698e-26 -1.86350e-26 -2.00472e-26 -2.14063e-26 -2.27123e-26 -2.39651e-26
 -2.51648e-26 -2.63114e-26 -2.74051e-26 -2.84462e-26 -2.94347e-26 -3.03711e-26
 -3.12556e-26 -3.20886e-26 -3.28706e-26 -3.36019e-26 -3.42830e-26 -3.49146e-26
 -3.54971e-26 -3.60312e-26 -3.65174e-26 -3.69565e-26 -3.73491e-26 -3.76959e-26
 -3.79978e-26 -3.82554e-26 -3.84696e-26 -3.86412e-26 -3.87711e-26 -3.88601e-26
 -3.89090e-26 -3.89189e-26 -3.88905e-26 -3.88249e-26 -3.87230e-26 -3.85858e-26
 -3.84142e-26 -3.82092e-26 -3.79719e-26 -3.77031e-26 -3.74040e-26 -3.70755e-26
 -3.67186e-26 -3.63344e-26 -3.59240e-26 -3.54882e-26 -3.50282e-26 -3.45449e-26
 -3.40395e-26 -3.35128e-26 -3.29660e-26 -3.24001e-26 -3.18160e-26 -3.12147e-26
 -3.05973e-26 -2.99647e-26 -2.93179e-26 -2.86580e-26 -2.79857e-26 -2.73021e-26
 -2.66082e-26 -2.59047e-26 -2.51928e-26 -2.44731e-26 -2.37468e-26 -2.30145e-26
 -2.22771e-26 -2.15356e-26 -2.07907e-26 -2.00432e-26 -1.92939e-26 -1.85436e-26
 -1.77930e-26 -1.70430e-26 -1.62941e-26 -1.55471e-26 -1.48028e-26 -1.40616e-26
 -1.33244e-26 -1.25917e-26 -1.18641e-26 -1.11422e-26 -1.04266e-26 -9.71789e-27
 -9.01651e-27 -8.32299e-27 -7.63784e-27 -6.96152e-27 -6.29447e-27 -5.63714e-27
 -4.98993e-27 -4.35323e-27 -3.72741e-27 -3.11283e-27 -2.50981e-27 -1.91867e-27
 -1.33970e-27 -7.73186e-28 -2.19375e-28  3.21492e-28  8.49195e-28  1.36353e-27
  1.86432e-27  2.35139e-27  2.82460e-27  3.28381e-27  3.72891e-27  4.15979e-27
  4.57639e-27  4.97862e-27  5.36644e-27  5.73982e-27  6.09873e-27  6.44316e-27
  6.77313e-27  7.08865e-27  7.38977e-27  7.67652e-27  7.94898e-27  8.20722e-27
  8.45132e-27  8.68137e-27  8.89750e-27  9.09982e-27  9.28846e-27  9.46356e-27
  9.62528e-27  9.77376e-27  9.90919e-27  1.00317e-26  1.01416e-26  1.02390e-26
  1.03240e-26  1.03970e-26  1.04581e-26  1.05076e-26  1.05456e-26  1.05725e-26
  1.05884e-26  1.05936e-26  1.05884e-26  1.05730e-26  1.05476e-26  1.05125e-26
  1.04681e-26  1.04144e-26  1.03520e-26  1.02809e-26  1.02014e-26  1.01139e-26
  1.00187e-26  9.91591e-27  9.80592e-27  9.68899e-27  9.56539e-27  9.43540e-27
  9.29931e-27  9.15739e-27  9.00992e-27  8.85717e-27  8.69942e-27  8.53694e-27
  8.37000e-27  8.19888e-27  8.02383e-27  7.84512e-27  7.66302e-27  7.47777e-27
  7.28964e-27  7.09889e-27  6.90574e-27  6.71047e-27  6.51329e-27  6.31445e-27
  6.11419e-27  5.91273e-27  5.71031e-27  5.50713e-27  5.30341e-27  5.09937e-27
  4.89522e-27  4.69115e-27  4.48736e-27  4.28405e-27  4.08139e-27  3.87958e-27
  3.67880e-27  3.47920e-27  3.28096e-27  3.08423e-27  2.88919e-27  2.69596e-27
  2.50471e-27  2.31557e-27  2.12867e-27  1.94414e-27  1.76211e-27  1.58270e-27
  1.40601e-27  1.23215e-27  1.06123e-27  8.93347e-28  7.28586e-28  5.67036e-28
  4.08777e-28  2.53887e-28  1.02435e-28 -4.55122e-29 -1.89894e-28 -3.30655e-28
 -4.67744e-28 -6.01115e-28 -7.30726e-28 -8.56541e-28 -9.78527e-28 -1.09666e-27
 -1.21091e-27 -1.32126e-27 -1.42770e-27 -1.53021e-27 -1.62880e-27 -1.72345e-27
 -1.81417e-27 -1.90097e-27 -1.98385e-27 -2.06283e-27 -2.13792e-27 -2.20914e-27
 -2.27651e-27 -2.34007e-27 -2.39984e-27 -2.45585e-27 -2.50814e-27 -2.55674e-27
 -2.60170e-27 -2.64306e-27 -2.68087e-27 -2.71517e-27 -2.74601e-27 -2.77345e-27
 -2.79754e-27 -2.81834e-27 -2.83591e-27 -2.85030e-27 -2.86158e-27 -2.86982e-27
 -2.87507e-27 -2.87740e-27 -2.87689e-27 -2.87359e-27 -2.86759e-27 -2.85895e-27
 -2.84774e-27 -2.83403e-27 -2.81791e-27 -2.79943e-27 -2.77869e-27 -2.75574e-27
 -2.73067e-27 -2.70355e-27 -2.67447e-27 -2.64348e-27 -2.61068e-27 -2.57613e-27
 -2.53991e-27 -2.50210e-27 -2.46277e-27 -2.42200e-27 -2.37986e-27 -2.33643e-27
 -2.29178e-27 -2.24598e-27 -2.19910e-27 -2.15122e-27 -2.10241e-27 -2.05274e-27
 -2.00227e-27 -1.95108e-27 -1.89924e-27 -1.84680e-27 -1.79384e-27 -1.74042e-27
 -1.68660e-27 -1.63245e-27 -1.57802e-27 -1.52338e-27 -1.46859e-27 -1.41370e-27
 -1.35876e-27 -1.30384e-27 -1.24899e-27 -1.19425e-27 -1.13968e-27 -1.08534e-27
 -1.03125e-27 -9.77481e-28 -9.24067e-28 -8.71053e-28 -8.18483e-28 -7.66395e-28
 -7.14830e-28 -6.63824e-28 -6.13414e-28 -5.63635e-28 -5.14520e-28 -4.66100e-28
 -4.18406e-28 -3.71466e-28 -3.25307e-28 -2.79956e-28 -2.35437e-28 -1.91773e-28
 -1.48984e-28 -1.07092e-28 -6.61150e-29 -2.60702e-29  1.30264e-29  5.11601e-29
  8.83178e-29  1.24487e-28  1.59658e-28  1.93821e-28  2.26968e-28  2.59092e-28
  2.90187e-28  3.20249e-28  3.49275e-28  3.77262e-28  4.04209e-28  4.30116e-28
  4.54985e-28  4.78818e-28  5.01617e-28  5.23387e-28  5.44133e-28  5.63861e-28
  5.82577e-28  6.00291e-28  6.17009e-28  6.32742e-28  6.47499e-28  6.61292e-28
  6.74133e-28  6.86033e-28  6.97007e-28  7.07066e-28  7.16227e-28  7.24503e-28
  7.31910e-28  7.38464e-28  7.44181e-28  7.49078e-28  7.53173e-28  7.56482e-28
  7.59025e-28  7.60820e-28  7.61885e-28  7.62239e-28  7.61902e-28  7.60893e-28
  7.59232e-28  7.56939e-28  7.54033e-28  7.50536e-28  7.46467e-28  7.41847e-28
  7.36696e-28  7.31035e-28  7.24884e-28  7.18264e-28  7.11195e-28  7.03697e-28
  6.95792e-28  6.87499e-28  6.78838e-28  6.69829e-28  6.60493e-28  6.50848e-28
  6.40915e-28  6.30712e-28  6.20259e-28  6.09575e-28  5.98677e-28  5.87585e-28
  5.76317e-28  5.64889e-28  5.53320e-28  5.41626e-28  5.29825e-28  5.17932e-28
  5.05965e-28  4.93938e-28  4.81866e-28  4.69766e-28  4.57651e-28  4.45536e-28
  4.33433e-28  4.21358e-28  4.09322e-28  3.97338e-28  3.85418e-28  3.73575e-28
  3.61818e-28  3.50159e-28  3.38608e-28  3.27176e-28  3.15870e-28  3.04702e-28
  2.93679e-28  2.82809e-28  2.72100e-28  2.61560e-28  2.51195e-28  2.41011e-28
  2.31015e-28  2.21212e-28  2.11607e-28  2.02204e-28  1.93009e-28  1.84025e-28
  1.75256e-28  1.66704e-28  1.58372e-28  1.50262e-28  1.42377e-28  1.34718e-28
  1.27285e-28  1.20081e-28  1.13104e-28  1.06356e-28  9.98356e-29  9.35429e-29
  8.74767e-29  8.16360e-29  7.60191e-29  7.06244e-29  6.54497e-29  6.04929e-29
  5.57512e-29  5.12219e-29  4.69020e-29  4.27881e-29  3.88768e-29  3.51644e-29
  3.16469e-29  2.83204e-29  2.51806e-29  2.22231e-29  1.94435e-29  1.68369e-29
  1.43987e-29  1.21240e-29  1.00077e-29  8.04480e-30  6.23011e-30  4.55841e-30
  3.02442e-30  1.62283e-30  3.48279e-31 -8.04604e-31 -1.84120e-30 -2.76689e-30
 -3.58705e-30 -4.30703e-30 -4.93214e-30 -5.46765e-30 -5.91880e-30 -6.29075e-30
 -6.58858e-30 -6.81731e-30 -6.98187e-30 -7.08709e-30 -7.13769e-30 -7.13828e-30
 -7.09337e-30 -7.00730e-30 -6.88432e-30 -6.72852e-30 -6.54384e-30 -6.33408e-30
 -6.10286e-30 -5.85368e-30 -5.58983e-30 -5.31444e-30 -5.03050e-30 -4.74077e-30
 -4.44787e-30 -4.15423e-30 -3.86209e-30 -3.57350e-30 -3.29035e-30 -3.01432e-30
 -2.74693e-30 -2.48949e-30 -2.24317e-30 -2.00893e-30 -1.78755e-30 -1.57968e-30
 -1.38578e-30 -1.20613e-30 -1.04089e-30 -8.90053e-31 -7.53480e-31 -6.30894e-31
 -5.21896e-31 -4.25974e-31 -3.42511e-31 -2.70796e-31 -2.10040e-31 -1.59384e-31
 -1.17916e-31 -8.46811e-32 -5.87027e-32 -3.89936e-32 -2.45752e-32 -1.44952e-32
 -7.84597e-33 -3.78481e-33 -1.55423e-33 -5.03747e-34 -1.12475e-34 -1.26748e-35
