fwd01_2tri-p10-h200.60.filtered txt 
2000  8.00000e-02 0 0  0.00000e+00  0.00000e+00  0.00000e+00  0.00000e+00
  0.00000e+00  -3.61148e-16  -4.38072e-15  -2.69291e-14  -1.13272e-13  -3.70524e-13
 -1.01263e-12  -2.41919e-12  -5.20817e-12  -1.03224e-11  -1.91291e-11  -3.35322e-11
 -5.60961e-11  -9.01791e-11  -1.40076e-10  -2.11169e-10  -3.10078e-10  -4.44819e-10
 -6.24960e-10  -8.61775e-10  -1.16839e-09  -1.55990e-09  -2.05355e-09  -2.66876e-09
 -3.42727e-09  -4.35321e-09  -5.47308e-09  -6.81580e-09  -8.41266e-09  -1.02973e-08
 -1.25053e-08  -1.50747e-08  -1.80450e-08  -2.14573e-08  -2.53541e-08  -2.97784e-08
 -3.47740e-08  -4.03842e-08  -4.66519e-08  -5.36186e-08  -6.13238e-08  -6.98040e-08
 -7.90923e-08  -8.92173e-08  -1.00202e-07  -1.12063e-07  -1.24809e-07  -1.38440e-07
 -1.52947e-07  -1.68309e-07  -1.84493e-07  -2.01452e-07  -2.19125e-07  -2.37433e-07
 -2.56282e-07  -2.75557e-07  -2.95124e-07  -3.14827e-07  -3.34487e-07  -3.53903e-07
 -3.72849e-07  -3.91070e-07  -4.08290e-07  -4.24199e-07  -4.38465e-07  -4.50723e-07
 -4.60581e-07  -4.67617e-07  -4.71382e-07  -4.71395e-07  -4.67149e-07  -4.58107e-07
 -4.43708e-07  -4.23363e-07  -3.96459e-07  -3.62362e-07  -3.20415e-07  -2.69946e-07
 -2.10265e-07  -1.40670e-07  -6.04515e-08   3.11084e-08   1.34728e-07   2.51122e-07
  3.81000e-07   5.25058e-07   6.83975e-07   8.58408e-07   1.04899e-06   1.25630e-06
  1.48090e-06   1.72330e-06   1.98395e-06   2.26322e-06   2.56145e-06   2.87888e-06
  3.21566e-06   3.57188e-06   3.94749e-06   4.34237e-06   4.75627e-06   5.18881e-06
  5.63951e-06   6.10773e-06   6.59269e-06   7.09348e-06   7.60901e-06   8.13805e-06
  8.67919e-06   9.23085e-06   9.79129e-06   1.03586e-05   1.09306e-05   1.15050e-05
  1.20794e-05   1.26510e-05   1.32171e-05   1.37746e-05   1.43201e-05   1.48504e-05
  1.53619e-05   1.58507e-05   1.63131e-05   1.67448e-05   1.71416e-05   1.74992e-05
  1.78132e-05   1.80788e-05   1.82913e-05   1.84461e-05   1.85381e-05   1.85625e-05
  1.85144e-05   1.83887e-05   1.81804e-05   1.78847e-05   1.74966e-05   1.70114e-05
  1.64242e-05   1.57305e-05   1.49258e-05   1.40058e-05   1.29664e-05   1.18038e-05
  1.05143e-05   9.09451e-06   7.54151e-06   5.85254e-06   4.02527e-06   2.05775e-06
 -5.15455e-08  -2.30371e-06  -4.69937e-06  -7.23862e-06  -9.92107e-06  -1.27458e-05
 -1.57112e-05  -1.88152e-05  -2.20551e-05  -2.54275e-05  -2.89283e-05  -3.25529e-05
 -3.62959e-05  -4.01512e-05  -4.41119e-05  -4.81706e-05  -5.23189e-05  -5.65479e-05
 -6.08478e-05  -6.52080e-05  -6.96174e-05  -7.40638e-05  -7.85347e-05  -8.30165e-05
 -8.74949e-05  -9.19552e-05  -9.63817e-05  -1.00758e-04  -1.05068e-04  -1.09293e-04
 -1.13415e-04  -1.17417e-04  -1.21277e-04  -1.24978e-04  -1.28498e-04  -1.31818e-04
 -1.34916e-04  -1.37771e-04  -1.40361e-04  -1.42665e-04  -1.44662e-04  -1.46329e-04
 -1.47644e-04  -1.48586e-04  -1.49133e-04  -1.49264e-04  -1.48956e-04  -1.48190e-04
 -1.46945e-04  -1.45201e-04  -1.42939e-04  -1.40140e-04  -1.36786e-04  -1.32861e-04
 -1.28347e-04  -1.23231e-04  -1.17498e-04  -1.11135e-04  -1.04132e-04  -9.64773e-05
 -8.81633e-05  -7.91828e-05  -6.95305e-05  -5.92028e-05  -4.81978e-05  -3.65159e-05
 -2.41590e-05  -1.11313e-05   2.56076e-06   1.69087e-05   3.19017e-05   4.75267e-05
  6.37679e-05   8.06075e-05   9.80249e-05   1.15997e-04   1.34498e-04   1.53500e-04
  1.72971e-04   1.92878e-04   2.13185e-04   2.33852e-04   2.54838e-04   2.76098e-04
  2.97584e-04   3.19248e-04   3.41036e-04   3.62893e-04   3.84762e-04   4.06582e-04
  4.28290e-04   4.49822e-04   4.71110e-04   4.92085e-04   5.12675e-04   5.32806e-04
  5.52403e-04   5.71389e-04   5.89685e-04   6.07211e-04   6.23886e-04   6.39626e-04
  6.54349e-04   6.67970e-04   6.80405e-04   6.91569e-04   7.01376e-04   7.09743e-04
  7.16583e-04   7.21814e-04   7.25353e-04   7.27117e-04   7.27027e-04   7.25002e-04
  7.20968e-04   7.14849e-04   7.06573e-04   6.96071e-04   6.83278e-04   6.68131e-04
  6.50571e-04   6.30544e-04   6.08000e-04   5.82893e-04   5.55183e-04   5.24834e-04
  4.91818e-04   4.56112e-04   4.17697e-04   3.76564e-04   3.32708e-04   2.86134e-04
  2.36852e-04   1.84881e-04   1.30248e-04   7.29867e-05   1.31416e-05  -4.92356e-05
 -1.14084e-04  -1.81333e-04  -2.50904e-04  -3.22708e-04  -3.96645e-04  -4.72609e-04
 -5.50480e-04  -6.30131e-04  -7.11423e-04  -7.94209e-04  -8.78329e-04  -9.63617e-04
 -1.04989e-03  -1.13697e-03  -1.22464e-03  -1.31271e-03  -1.40096e-03  -1.48916e-03
 -1.57706e-03  -1.66444e-03  -1.75103e-03  -1.83656e-03  -1.92078e-03  -2.00340e-03
 -2.08413e-03  -2.16269e-03  -2.23877e-03  -2.31207e-03  -2.38229e-03  -2.44909e-03
 -2.51217e-03  -2.57121e-03  -2.62587e-03  -2.67584e-03  -2.72078e-03  -2.76036e-03
 -2.79425e-03  -2.82213e-03  -2.84368e-03  -2.85856e-03  -2.86646e-03  -2.86706e-03
 -2.86006e-03  -2.84516e-03  -2.82205e-03  -2.79047e-03  -2.75012e-03  -2.70074e-03
 -2.64209e-03  -2.57393e-03  -2.49602e-03  -2.40816e-03  -2.31016e-03  -2.20183e-03
 -2.08303e-03  -1.95362e-03  -1.81347e-03  -1.66250e-03  -1.50063e-03  -1.32782e-03
 -1.14403e-03  -9.49287e-04  -7.43606e-04  -5.27051e-04  -2.99707e-04  -6.16921e-05
  1.86847e-04   4.45731e-04   7.14750e-04   9.93660e-04   1.28219e-03   1.58002e-03
  1.88681e-03   2.20218e-03   2.52571e-03   2.85697e-03   3.19546e-03   3.54066e-03
  3.89202e-03   4.24894e-03   4.61081e-03   4.97696e-03   5.34669e-03   5.71927e-03
  6.09395e-03   6.46992e-03   6.84637e-03   7.22242e-03   7.59720e-03   7.96979e-03
  8.33924e-03   8.70458e-03   9.06481e-03   9.41892e-03   9.76588e-03   1.01046e-02
  1.04340e-02   1.07531e-02   1.10606e-02   1.13556e-02   1.16368e-02   1.19031e-02
  1.21535e-02   1.23867e-02   1.26016e-02   1.27971e-02   1.29722e-02   1.31255e-02
  1.32562e-02   1.33631e-02   1.34450e-02   1.35011e-02   1.35303e-02   1.35316e-02
  1.35040e-02   1.34467e-02   1.33588e-02   1.32394e-02   1.30878e-02   1.29033e-02
  1.26851e-02   1.24327e-02   1.21455e-02   1.18229e-02   1.14646e-02   1.10703e-02
  1.06395e-02   1.01721e-02   9.66800e-03   9.12707e-03   8.54936e-03   7.93497e-03
  7.28410e-03   6.59702e-03   5.87411e-03   5.11582e-03   4.32272e-03   3.49544e-03
  2.63473e-03   1.74143e-03   8.16477e-04  -1.39109e-04  -1.12420e-03  -2.13758e-03
 -3.17793e-03  -4.24383e-03  -5.33380e-03  -6.44623e-03  -7.57944e-03  -8.73166e-03
 -9.90102e-03  -1.10856e-02  -1.22833e-02  -1.34922e-02  -1.47099e-02  -1.59343e-02
 -1.71630e-02  -1.83937e-02  -1.96238e-02  -2.08510e-02  -2.20727e-02  -2.32862e-02
 -2.44889e-02  -2.56782e-02  -2.68513e-02  -2.80056e-02  -2.91382e-02  -3.02465e-02
 -3.13275e-02  -3.23787e-02  -3.33971e-02  -3.43801e-02  -3.53250e-02  -3.62289e-02
 -3.70892e-02  -3.79033e-02  -3.86686e-02  -3.93824e-02  -4.00424e-02  -4.06462e-02
 -4.11912e-02  -4.16753e-02  -4.20963e-02  -4.24520e-02  -4.27404e-02  -4.29597e-02
 -4.31080e-02  -4.31836e-02  -4.31849e-02  -4.31106e-02  -4.29592e-02  -4.27297e-02
 -4.24209e-02  -4.20319e-02  -4.15620e-02  -4.10106e-02  -4.03773e-02  -3.96617e-02
 -3.88636e-02  -3.79832e-02  -3.70207e-02  -3.59763e-02  -3.48507e-02  -3.36444e-02
 -3.23585e-02  -3.09939e-02  -2.95518e-02  -2.80336e-02  -2.64409e-02  -2.47755e-02
 -2.30391e-02  -2.12338e-02  -1.93619e-02  -1.74256e-02  -1.54277e-02  -1.33707e-02
 -1.12574e-02  -9.09095e-03  -6.87434e-03  -4.61085e-03  -2.30387e-03   4.30753e-05
  2.42637e-03   4.84226e-03   7.28691e-03   9.75636e-03   1.22466e-02   1.47534e-02
  1.72727e-02   1.98002e-02   2.23314e-02   2.48621e-02   2.73879e-02   2.99041e-02
  3.24065e-02   3.48903e-02   3.73512e-02   3.97845e-02   4.21858e-02   4.45506e-02
  4.68743e-02   4.91526e-02   5.13811e-02   5.35554e-02   5.56713e-02   5.77245e-02
  5.97109e-02   6.16265e-02   6.34673e-02   6.52295e-02   6.69095e-02   6.85035e-02
  7.00082e-02   7.14202e-02   7.27363e-02   7.39535e-02   7.50690e-02   7.60799e-02
  7.69839e-02   7.77784e-02   7.84614e-02   7.90309e-02   7.94850e-02   7.98222e-02
  8.00411e-02   8.01404e-02   8.01192e-02   7.99767e-02   7.97124e-02   7.93259e-02
  7.88170e-02   7.81859e-02   7.74328e-02   7.65583e-02   7.55631e-02   7.44481e-02
  7.32146e-02   7.18639e-02   7.03976e-02   6.88175e-02   6.71256e-02   6.53241e-02
  6.34155e-02   6.14023e-02   5.92874e-02   5.70737e-02   5.47644e-02   5.23629e-02
  4.98726e-02   4.72972e-02   4.46406e-02   4.19068e-02   3.90998e-02   3.62239e-02
  3.32835e-02   3.02831e-02   2.72274e-02   2.41209e-02   2.09686e-02   1.77753e-02
  1.45460e-02   1.12857e-02   7.99958e-03   4.69265e-03   1.37015e-03  -1.96273e-03
 -5.30077e-03  -8.63873e-03  -1.19714e-02  -1.52935e-02  -1.85999e-02  -2.18854e-02
 -2.51448e-02  -2.83731e-02  -3.15653e-02  -3.47163e-02  -3.78214e-02  -4.08756e-02
 -4.38743e-02  -4.68128e-02  -4.96866e-02  -5.24915e-02  -5.52230e-02  -5.78771e-02
 -6.04497e-02  -6.29370e-02  -6.53354e-02  -6.76412e-02  -6.98511e-02  -7.19619e-02
 -7.39705e-02  -7.58741e-02  -7.76701e-02  -7.93559e-02  -8.09292e-02  -8.23880e-02
 -8.37303e-02  -8.49545e-02  -8.60591e-02  -8.70427e-02  -8.79044e-02  -8.86431e-02
 -8.92582e-02  -8.97493e-02  -9.01162e-02  -9.03586e-02  -9.04769e-02  -9.04714e-02
 -9.03426e-02  -9.00912e-02  -8.97184e-02  -8.92251e-02  -8.86127e-02  -8.78828e-02
 -8.70371e-02  -8.60774e-02  -8.50059e-02  -8.38248e-02  -8.25365e-02  -8.11435e-02
 -7.96486e-02  -7.80546e-02  -7.63645e-02  -7.45815e-02  -7.27089e-02  -7.07500e-02
 -6.87083e-02  -6.65875e-02  -6.43913e-02  -6.21235e-02  -5.97880e-02  -5.73887e-02
 -5.49298e-02  -5.24152e-02  -4.98492e-02  -4.72360e-02  -4.45799e-02  -4.18850e-02
 -3.91558e-02  -3.63965e-02  -3.36114e-02  -3.08049e-02  -2.79814e-02  -2.51450e-02
 -2.23001e-02  -1.94510e-02  -1.66018e-02  -1.37567e-02  -1.09198e-02  -8.09531e-03
 -5.28708e-03  -2.49906e-03   2.64878e-04   3.00098e-03   5.70557e-03   8.37505e-03
  1.10060e-02   1.35949e-02   1.61386e-02   1.86339e-02   2.10778e-02   2.34673e-02
  2.57997e-02   2.80722e-02   3.02825e-02   3.24279e-02   3.45064e-02   3.65158e-02
  3.84540e-02   4.03194e-02   4.21100e-02   4.38245e-02   4.54614e-02   4.70195e-02
  4.84976e-02   4.98949e-02   5.12103e-02   5.24434e-02   5.35936e-02   5.46604e-02
  5.56437e-02   5.65433e-02   5.73593e-02   5.80919e-02   5.87413e-02   5.93080e-02
  5.97925e-02   6.01956e-02   6.05180e-02   6.07608e-02   6.09248e-02   6.10113e-02
  6.10216e-02   6.09569e-02   6.08188e-02   6.06088e-02   6.03285e-02   5.99797e-02
  5.95642e-02   5.90839e-02   5.85406e-02   5.79365e-02   5.72737e-02   5.65541e-02
  5.57801e-02   5.49538e-02   5.40776e-02   5.31537e-02   5.21845e-02   5.11722e-02
  5.01194e-02   4.90284e-02   4.79016e-02   4.67415e-02   4.55503e-02   4.43307e-02
  4.30848e-02   4.18153e-02   4.05243e-02   3.92143e-02   3.78876e-02   3.65464e-02
  3.51932e-02   3.38300e-02   3.24591e-02   3.10826e-02   2.97027e-02   2.83213e-02
  2.69405e-02   2.55622e-02   2.41883e-02   2.28206e-02   2.14609e-02   2.01109e-02
  1.87722e-02   1.74463e-02   1.61349e-02   1.48392e-02   1.35607e-02   1.23006e-02
  1.10601e-02   9.84044e-03   8.64257e-03   7.46752e-03   6.31619e-03   5.18941e-03
  4.08795e-03   3.01249e-03   1.96366e-03   9.41988e-04  -5.20497e-05  -1.01805e-03
 -1.95569e-03  -2.86470e-03  -3.74488e-03  -4.59610e-03  -5.41829e-03  -6.21144e-03
 -6.97561e-03  -7.71090e-03  -8.41748e-03  -9.09557e-03  -9.74542e-03  -1.03674e-02
 -1.09618e-02  -1.15290e-02  -1.20696e-02  -1.25840e-02  -1.30727e-02  -1.35363e-02
 -1.39753e-02  -1.43904e-02  -1.47823e-02  -1.51516e-02  -1.54989e-02  -1.58251e-02
 -1.61307e-02  -1.64166e-02  -1.66835e-02  -1.69322e-02  -1.71633e-02  -1.73777e-02
 -1.75762e-02  -1.77594e-02  -1.79281e-02  -1.80832e-02  -1.82253e-02  -1.83551e-02
 -1.84734e-02  -1.85809e-02  -1.86783e-02  -1.87663e-02  -1.88454e-02  -1.89164e-02
 -1.89798e-02  -1.90362e-02  -1.90863e-02  -1.91304e-02  -1.91692e-02  -1.92031e-02
 -1.92325e-02  -1.92580e-02  -1.92798e-02  -1.92983e-02  -1.93140e-02  -1.93270e-02
 -1.93376e-02  -1.93461e-02  -1.93527e-02  -1.93576e-02  -1.93608e-02  -1.93626e-02
 -1.93629e-02  -1.93619e-02  -1.93596e-02  -1.93559e-02  -1.93509e-02  -1.93444e-02
 -1.93364e-02  -1.93267e-02  -1.93153e-02  -1.93019e-02  -1.92864e-02  -1.92685e-02
 -1.92481e-02  -1.92249e-02  -1.91985e-02  -1.91689e-02  -1.91356e-02  -1.90983e-02
 -1.90567e-02  -1.90106e-02  -1.89595e-02  -1.89031e-02  -1.88410e-02  -1.87730e-02
 -1.86986e-02  -1.86175e-02  -1.85293e-02  -1.84336e-02  -1.83302e-02  -1.82186e-02
 -1.80986e-02  -1.79697e-02  -1.78316e-02  -1.76840e-02  -1.75267e-02  -1.73593e-02
 -1.71815e-02  -1.69931e-02  -1.67939e-02  -1.65835e-02  -1.63617e-02  -1.61285e-02
 -1.58836e-02  -1.56268e-02  -1.53580e-02  -1.50771e-02  -1.47841e-02  -1.44788e-02
 -1.41612e-02  -1.38313e-02  -1.34892e-02  -1.31348e-02  -1.27682e-02  -1.23895e-02
 -1.19988e-02  -1.15963e-02  -1.11821e-02  -1.07564e-02  -1.03195e-02  -9.87151e-03
 -9.41279e-03  -8.94361e-03  -8.46429e-03  -7.97517e-03  -7.47662e-03  -6.96903e-03
 -6.45281e-03  -5.92839e-03  -5.39622e-03  -4.85679e-03  -4.31058e-03  -3.75811e-03
 -3.19989e-03  -2.63649e-03  -2.06846e-03  -1.49638e-03  -9.20827e-04  -3.42410e-04
  2.38262e-04   8.20566e-04   1.40387e-03   1.98755e-03   2.57094e-03   3.15341e-03
  3.73430e-03   4.31295e-03   4.88871e-03   5.46093e-03   6.02894e-03   6.59210e-03
  7.14974e-03   7.70124e-03   8.24596e-03   8.78325e-03   9.31250e-03   9.83309e-03
  1.03444e-02   1.08459e-02   1.13370e-02   1.18170e-02   1.22856e-02   1.27420e-02
  1.31859e-02   1.36166e-02   1.40338e-02   1.44370e-02   1.48257e-02   1.51995e-02
  1.55580e-02   1.59009e-02   1.62277e-02   1.65381e-02   1.68319e-02   1.71088e-02
  1.73684e-02   1.76106e-02   1.78352e-02   1.80419e-02   1.82307e-02   1.84013e-02
  1.85537e-02   1.86878e-02   1.88036e-02   1.89010e-02   1.89799e-02   1.90405e-02
  1.90828e-02   1.91068e-02   1.91127e-02   1.91005e-02   1.90705e-02   1.90227e-02
  1.89574e-02   1.88748e-02   1.87751e-02   1.86586e-02   1.85255e-02   1.83762e-02
  1.82110e-02   1.80302e-02   1.78341e-02   1.76231e-02   1.73977e-02   1.71581e-02
  1.69049e-02   1.66385e-02   1.63592e-02   1.60676e-02   1.57642e-02   1.54493e-02
  1.51235e-02   1.47873e-02   1.44411e-02   1.40856e-02   1.37211e-02   1.33482e-02
  1.29675e-02   1.25794e-02   1.21845e-02   1.17833e-02   1.13764e-02   1.09642e-02
  1.05473e-02   1.01261e-02   9.70137e-03   9.27343e-03   8.84283e-03   8.41010e-03
  7.97571e-03   7.54017e-03   7.10395e-03   6.66754e-03   6.23139e-03   5.79597e-03
  5.36172e-03   4.92908e-03   4.49847e-03   4.07031e-03   3.64499e-03   3.22290e-03
  2.80443e-03   2.38993e-03   1.97975e-03   1.57423e-03   1.17368e-03   7.78427e-04
  3.88747e-04   4.92363e-06  -3.72781e-04  -7.44118e-04  -1.10885e-03  -1.46677e-03
 -1.81766e-03  -2.16133e-03  -2.49762e-03  -2.82636e-03  -3.14741e-03  -3.46063e-03
 -3.76591e-03  -4.06314e-03  -4.35224e-03  -4.63313e-03  -4.90574e-03  -5.17003e-03
 -5.42596e-03  -5.67350e-03  -5.91265e-03  -6.14339e-03  -6.36574e-03  -6.57972e-03
 -6.78535e-03  -6.98269e-03  -7.17177e-03  -7.35266e-03  -7.52542e-03  -7.69013e-03
 -7.84687e-03  -7.99573e-03  -8.13681e-03  -8.27020e-03  -8.39603e-03  -8.51440e-03
 -8.62543e-03  -8.72924e-03  -8.82596e-03  -8.91573e-03  -8.99866e-03  -9.07491e-03
 -9.14460e-03  -9.20787e-03  -9.26487e-03  -9.31574e-03  -9.36062e-03  -9.39964e-03
 -9.43296e-03  -9.46071e-03  -9.48303e-03  -9.50006e-03  -9.51194e-03  -9.51880e-03
 -9.52077e-03  -9.51798e-03  -9.51057e-03  -9.49865e-03  -9.48235e-03  -9.46178e-03
 -9.43706e-03  -9.40829e-03  -9.37560e-03  -9.33907e-03  -9.29880e-03  -9.25490e-03
 -9.20746e-03  -9.15655e-03  -9.10226e-03  -9.04467e-03  -8.98385e-03  -8.91988e-03
 -8.85281e-03  -8.78271e-03  -8.70964e-03  -8.63364e-03  -8.55477e-03  -8.47308e-03
 -8.38860e-03  -8.30138e-03  -8.21145e-03  -8.11884e-03  -8.02357e-03  -7.92569e-03
 -7.82520e-03  -7.72214e-03  -7.61652e-03  -7.50835e-03  -7.39766e-03  -7.28445e-03
 -7.16874e-03  -7.05054e-03  -6.92985e-03  -6.80670e-03  -6.68108e-03  -6.55301e-03
 -6.42250e-03  -6.28955e-03  -6.15417e-03  -6.01638e-03  -5.87619e-03  -5.73361e-03
 -5.58865e-03  -5.44132e-03  -5.29166e-03  -5.13967e-03  -4.98538e-03  -4.82882e-03
 -4.67000e-03  -4.50896e-03  -4.34574e-03  -4.18036e-03  -4.01287e-03  -3.84331e-03
 -3.67172e-03  -3.49816e-03  -3.32268e-03  -3.14533e-03  -2.96617e-03  -2.78528e-03
 -2.60271e-03  -2.41854e-03  -2.23285e-03  -2.04572e-03  -1.85723e-03  -1.66748e-03
 -1.47654e-03  -1.28453e-03  -1.09153e-03  -8.97666e-04  -7.03031e-04  -5.07741e-04
 -3.11912e-04  -1.15662e-04   8.08866e-05   2.77608e-04   4.74373e-04   6.71051e-04
  8.67507e-04   1.06360e-03   1.25920e-03   1.45416e-03   1.64834e-03   1.84158e-03
  2.03375e-03   2.22470e-03   2.41426e-03   2.60231e-03   2.78867e-03   2.97320e-03
  3.15575e-03   3.33616e-03   3.51428e-03   3.68996e-03   3.86305e-03   4.03340e-03
  4.20085e-03   4.36526e-03   4.52648e-03   4.68437e-03   4.83879e-03   4.98959e-03
  5.13663e-03   5.27980e-03   5.41894e-03   5.55393e-03   5.68466e-03   5.81099e-03
  5.93281e-03   6.05001e-03   6.16247e-03   6.27010e-03   6.37280e-03   6.47046e-03
  6.56301e-03   6.65035e-03   6.73241e-03   6.80911e-03   6.88038e-03   6.94617e-03
  7.00641e-03   7.06106e-03   7.11007e-03   7.15341e-03   7.19103e-03   7.22292e-03
  7.24905e-03   7.26941e-03   7.28399e-03   7.29279e-03   7.29582e-03   7.29309e-03
  7.28461e-03   7.27042e-03   7.25053e-03   7.22499e-03   7.19384e-03   7.15712e-03
  7.11490e-03   7.06723e-03   7.01418e-03   6.95581e-03   6.89222e-03   6.82347e-03
  6.74966e-03   6.67088e-03   6.58723e-03   6.49881e-03   6.40573e-03   6.30810e-03
  6.20603e-03   6.09965e-03   5.98909e-03   5.87446e-03   5.75590e-03   5.63355e-03
  5.50754e-03   5.37801e-03   5.24511e-03   5.10899e-03   4.96979e-03   4.82766e-03
  4.68276e-03   4.53523e-03   4.38525e-03   4.23295e-03   4.07850e-03   3.92206e-03
  3.76379e-03   3.60384e-03   3.44238e-03   3.27956e-03   3.11555e-03   2.95050e-03
  2.78457e-03   2.61791e-03   2.45069e-03   2.28306e-03   2.11516e-03   1.94716e-03
  1.77920e-03   1.61143e-03   1.44400e-03   1.27704e-03   1.11070e-03   9.45121e-04
  7.80433e-04   6.16771e-04   4.54265e-04   2.93040e-04   1.33221e-04  -2.50738e-05
 -1.81726e-04  -3.36624e-04  -4.89657e-04  -6.40719e-04  -7.89709e-04  -9.36527e-04
 -1.08108e-03  -1.22328e-03  -1.36303e-03  -1.50026e-03  -1.63488e-03  -1.76682e-03
 -1.89601e-03  -2.02238e-03  -2.14588e-03  -2.26643e-03  -2.38399e-03  -2.49850e-03
 -2.60992e-03  -2.71821e-03  -2.82332e-03  -2.92521e-03  -3.02387e-03  -3.11925e-03
 -3.21134e-03  -3.30012e-03  -3.38556e-03  -3.46765e-03  -3.54638e-03  -3.62175e-03
 -3.69375e-03  -3.76238e-03  -3.82764e-03  -3.88954e-03  -3.94808e-03  -4.00327e-03
 -4.05514e-03  -4.10369e-03  -4.14894e-03  -4.19091e-03  -4.22963e-03  -4.26511e-03
 -4.29740e-03  -4.32651e-03  -4.35248e-03  -4.37534e-03  -4.39512e-03  -4.41186e-03
 -4.42560e-03  -4.43638e-03  -4.44423e-03  -4.44920e-03  -4.45132e-03  -4.45065e-03
 -4.44722e-03  -4.44108e-03  -4.43228e-03  -4.42086e-03  -4.40686e-03  -4.39035e-03
 -4.37135e-03  -4.34993e-03  -4.32612e-03  -4.29998e-03  -4.27156e-03  -4.24090e-03
 -4.20805e-03  -4.17307e-03  -4.13600e-03  -4.09688e-03  -4.05577e-03  -4.01272e-03
 -3.96777e-03  -3.92097e-03  -3.87237e-03  -3.82202e-03  -3.76996e-03  -3.71623e-03
 -3.66089e-03  -3.60398e-03  -3.54555e-03  -3.48564e-03  -3.42429e-03  -3.36155e-03
 -3.29747e-03  -3.23208e-03  -3.16543e-03  -3.09756e-03  -3.02852e-03  -2.95834e-03
 -2.88708e-03  -2.81476e-03  -2.74143e-03  -2.66713e-03  -2.59190e-03  -2.51578e-03
 -2.43881e-03  -2.36104e-03  -2.28249e-03  -2.20321e-03  -2.12324e-03  -2.04261e-03
 -1.96137e-03  -1.87955e-03  -1.79720e-03  -1.71435e-03  -1.63103e-03  -1.54730e-03
 -1.46318e-03  -1.37872e-03  -1.29395e-03  -1.20891e-03  -1.12365e-03  -1.03820e-03
 -9.52598e-04  -8.66886e-04  -7.81103e-04  -6.95289e-04  -6.09484e-04  -5.23727e-04
 -4.38058e-04  -3.52519e-04  -2.67150e-04  -1.81991e-04  -9.70833e-05  -1.24687e-05
  7.18117e-05   1.55716e-04   2.39204e-04   3.22232e-04   4.04758e-04   4.86741e-04
  5.68138e-04   6.48907e-04   7.29005e-04   8.08389e-04   8.87018e-04   9.64848e-04
  1.04184e-03   1.11794e-03   1.19312e-03   1.26733e-03   1.34054e-03   1.41268e-03
  1.48374e-03   1.55366e-03   1.62240e-03   1.68992e-03   1.75619e-03   1.82116e-03
  1.88479e-03   1.94705e-03   2.00789e-03   2.06727e-03   2.12517e-03   2.18154e-03
  2.23635e-03   2.28956e-03   2.34113e-03   2.39105e-03   2.43926e-03   2.48575e-03
  2.53048e-03   2.57342e-03   2.61455e-03   2.65383e-03   2.69124e-03   2.72675e-03
  2.76035e-03   2.79201e-03   2.82171e-03   2.84943e-03   2.87515e-03   2.89886e-03
  2.92054e-03   2.94017e-03   2.95776e-03   2.97327e-03   2.98672e-03   2.99808e-03
  3.00735e-03   3.01454e-03   3.01963e-03   3.02263e-03   3.02354e-03   3.02235e-03
  3.01909e-03   3.01374e-03   3.00633e-03   2.99685e-03   2.98533e-03   2.97176e-03
  2.95618e-03   2.93859e-03   2.91902e-03   2.89748e-03   2.87399e-03   2.84859e-03
  2.82128e-03   2.79211e-03   2.76109e-03   2.72826e-03   2.69365e-03   2.65729e-03
  2.61921e-03   2.57945e-03   2.53805e-03   2.49505e-03   2.45048e-03   2.40438e-03
  2.35680e-03   2.30778e-03   2.25737e-03   2.20561e-03   2.15254e-03   2.09822e-03
  2.04268e-03   1.98599e-03   1.92819e-03   1.86933e-03   1.80946e-03   1.74864e-03
  1.68691e-03   1.62434e-03   1.56097e-03   1.49686e-03   1.43206e-03   1.36663e-03
  1.30062e-03   1.23408e-03   1.16708e-03   1.09967e-03   1.03190e-03   9.63835e-04
  8.95520e-04   8.27014e-04   7.58372e-04   6.89649e-04   6.20898e-04   5.52174e-04
  4.83529e-04   4.15018e-04   3.46692e-04   2.78602e-04   2.10802e-04   1.43340e-04
  7.62664e-05   9.63056e-06  -5.65195e-05  -1.22136e-04  -1.87174e-04  -2.51586e-04
 -3.15328e-04  -3.78357e-04  -4.40631e-04  -5.02107e-04  -5.62746e-04  -6.22508e-04
 -6.81355e-04  -7.39250e-04  -7.96157e-04  -8.52043e-04  -9.06873e-04  -9.60616e-04
 -1.01324e-03  -1.06472e-03  -1.11502e-03  -1.16412e-03  -1.21199e-03  -1.25861e-03
 -1.30395e-03  -1.34800e-03  -1.39073e-03  -1.43212e-03  -1.47216e-03  -1.51083e-03
 -1.54811e-03  -1.58400e-03  -1.61848e-03  -1.65153e-03  -1.68315e-03  -1.71333e-03
 -1.74207e-03  -1.76935e-03  -1.79518e-03  -1.81954e-03  -1.84244e-03  -1.86387e-03
 -1.88384e-03  -1.90234e-03  -1.91939e-03  -1.93497e-03  -1.94910e-03  -1.96178e-03
 -1.97302e-03  -1.98283e-03  -1.99121e-03  -1.99818e-03  -2.00373e-03  -2.00790e-03
 -2.01068e-03  -2.01209e-03  -2.01214e-03  -2.01085e-03  -2.00824e-03  -2.00431e-03
 -1.99910e-03  -1.99260e-03  -1.98485e-03  -1.97586e-03  -1.96564e-03  -1.95423e-03
 -1.94163e-03  -1.92788e-03  -1.91299e-03  -1.89698e-03  -1.87988e-03  -1.86170e-03
 -1.84248e-03  -1.82223e-03  -1.80098e-03  -1.77875e-03  -1.75556e-03  -1.73145e-03
 -1.70644e-03  -1.68054e-03  -1.65379e-03  -1.62621e-03  -1.59782e-03  -1.56866e-03
 -1.53875e-03  -1.50811e-03  -1.47676e-03  -1.44475e-03  -1.41208e-03  -1.37879e-03
 -1.34491e-03  -1.31045e-03  -1.27545e-03  -1.23993e-03  -1.20392e-03  -1.16744e-03
 -1.13052e-03  -1.09318e-03  -1.05546e-03  -1.01737e-03  -9.78944e-04  -9.40204e-04
 -9.01176e-04  -8.61886e-04  -8.22358e-04  -7.82618e-04  -7.42689e-04  -7.02597e-04
 -6.62365e-04  -6.22019e-04  -5.81582e-04  -5.41079e-04  -5.00531e-04  -4.59964e-04
 -4.19401e-04  -3.78864e-04  -3.38376e-04  -2.97960e-04  -2.57639e-04  -2.17435e-04
 -1.77369e-04  -1.37464e-04  -9.77408e-05  -5.82209e-05  -1.89254e-05   2.01249e-05
  5.89095e-05   9.74079e-05   1.35600e-04   1.73467e-04   2.10988e-04   2.48144e-04
  2.84916e-04   3.21287e-04   3.57236e-04   3.92746e-04   4.27800e-04   4.62379e-04
  4.96466e-04   5.30045e-04   5.63099e-04   5.95611e-04   6.27565e-04   6.58947e-04
  6.89740e-04   7.19930e-04   7.49501e-04   7.78441e-04   8.06734e-04   8.34367e-04
  8.61327e-04   8.87602e-04   9.13178e-04   9.38044e-04   9.62189e-04   9.85600e-04
  1.00827e-03   1.03018e-03   1.05133e-03   1.07171e-03   1.09130e-03   1.11010e-03
  1.12810e-03   1.14530e-03   1.16168e-03   1.17724e-03   1.19197e-03   1.20586e-03
  1.21892e-03   1.23114e-03   1.24251e-03   1.25302e-03   1.26268e-03   1.27149e-03
  1.27943e-03   1.28651e-03   1.29273e-03   1.29808e-03   1.30257e-03   1.30620e-03
  1.30896e-03   1.31086e-03   1.31190e-03   1.31209e-03   1.31142e-03   1.30990e-03
  1.30754e-03   1.30434e-03   1.30029e-03   1.29542e-03   1.28973e-03   1.28322e-03
  1.27590e-03   1.26777e-03   1.25886e-03   1.24916e-03   1.23868e-03   1.22744e-03
  1.21545e-03   1.20271e-03   1.18924e-03   1.17505e-03   1.16016e-03   1.14457e-03
  1.12830e-03   1.11136e-03   1.09377e-03   1.07555e-03   1.05670e-03   1.03724e-03
  1.01719e-03   9.96566e-04   9.75385e-04   9.53662e-04   9.31415e-04   9.08662e-04
  8.85421e-04   8.61711e-04   8.37549e-04   8.12956e-04   7.87949e-04   7.62549e-04
  7.36775e-04   7.10647e-04   6.84185e-04   6.57409e-04   6.30339e-04   6.02997e-04
  5.75402e-04   5.47575e-04   5.19538e-04   4.91311e-04   4.62914e-04   4.34370e-04
  4.05698e-04   3.76921e-04   3.48058e-04   3.19132e-04   2.90162e-04   2.61170e-04
  2.32176e-04   2.03201e-04   1.74266e-04   1.45390e-04   1.16595e-04   8.78997e-05
  5.93245e-05   3.08890e-05   2.61275e-06  -2.54852e-05  -5.33858e-05  -8.10704e-05
 -1.08520e-04  -1.35718e-04  -1.62645e-04  -1.89284e-04  -2.15618e-04  -2.41630e-04
 -2.67304e-04  -2.92623e-04  -3.17572e-04  -3.42136e-04  -3.66298e-04  -3.90046e-04
 -4.13365e-04  -4.36240e-04  -4.58660e-04  -4.80610e-04  -5.02079e-04  -5.23055e-04
 -5.43527e-04  -5.63483e-04  -5.82912e-04  -6.01806e-04  -6.20154e-04  -6.37948e-04
 -6.55178e-04  -6.71837e-04  -6.87917e-04  -7.03412e-04  -7.18314e-04  -7.32617e-04
 -7.46317e-04  -7.59408e-04  -7.71884e-04  -7.83744e-04  -7.94982e-04  -8.05596e-04
 -8.15583e-04  -8.24941e-04  -8.33668e-04  -8.41764e-04  -8.49228e-04  -8.56059e-04
 -8.62257e-04  -8.67825e-04  -8.72762e-04  -8.77071e-04  -8.80753e-04  -8.83812e-04
 -8.86250e-04  -8.88070e-04  -8.89276e-04  -8.89873e-04  -8.89866e-04  -8.89258e-04
 -8.88056e-04  -8.86266e-04  -8.83893e-04  -8.80944e-04  -8.77426e-04  -8.73345e-04
 -8.68711e-04  -8.63530e-04  -8.57810e-04  -8.51560e-04  -8.44788e-04  -8.37504e-04
 -8.29717e-04  -8.21437e-04  -8.12672e-04  -8.03433e-04  -7.93731e-04  -7.83575e-04
 -7.72977e-04  -7.61947e-04  -7.50496e-04  -7.38635e-04  -7.26376e-04  -7.13730e-04
 -7.00709e-04  -6.87325e-04  -6.73589e-04  -6.59514e-04  -6.45112e-04  -6.30394e-04
 -6.15373e-04  -6.00062e-04  -5.84473e-04  -5.68619e-04  -5.52511e-04  -5.36163e-04
 -5.19587e-04  -5.02797e-04  -4.85803e-04  -4.68620e-04  -4.51259e-04  -4.33734e-04
 -4.16058e-04  -3.98241e-04  -3.80298e-04  -3.62241e-04  -3.44081e-04  -3.25833e-04
 -3.07507e-04  -2.89117e-04  -2.70674e-04  -2.52191e-04  -2.33679e-04  -2.15151e-04
 -1.96618e-04  -1.78092e-04  -1.59586e-04  -1.41109e-04  -1.22674e-04  -1.04292e-04
 -8.59744e-05  -6.77317e-05  -4.95749e-05  -3.15149e-05  -1.35620e-05   4.27321e-06
  2.19805e-05   3.95498e-05   5.69712e-05   7.42349e-05   9.13313e-05   1.08251e-04
  1.24985e-04   1.41524e-04   1.57858e-04   1.73981e-04   1.89882e-04   2.05554e-04
  2.20989e-04   2.36178e-04   2.51114e-04   2.65790e-04   2.80197e-04   2.94330e-04
  3.08181e-04   3.21743e-04   3.35011e-04   3.47977e-04   3.60636e-04   3.72982e-04
  3.85010e-04   3.96713e-04   4.08087e-04   4.19128e-04   4.29829e-04   4.40187e-04
  4.50198e-04   4.59857e-04   4.69161e-04   4.78106e-04   4.86689e-04   4.94907e-04
  5.02756e-04   5.10234e-04   5.17340e-04   5.24070e-04   5.30422e-04   5.36396e-04
  5.41989e-04   5.47200e-04   5.52028e-04   5.56473e-04   5.60533e-04   5.64210e-04
  5.67501e-04   5.70408e-04   5.72931e-04   5.75071e-04   5.76827e-04   5.78203e-04
  5.79198e-04   5.79814e-04   5.80052e-04   5.79916e-04   5.79407e-04   5.78526e-04
  5.77278e-04   5.75665e-04   5.73689e-04   5.71354e-04   5.68664e-04   5.65621e-04
  5.62230e-04   5.58496e-04   5.54421e-04   5.50011e-04   5.45270e-04   5.40202e-04
  5.34814e-04   5.29110e-04   5.23096e-04   5.16776e-04   5.10157e-04   5.03244e-04
  4.96044e-04   4.88563e-04   4.80807e-04   4.72783e-04   4.64496e-04   4.55955e-04
  4.47165e-04   4.38135e-04   4.28870e-04   4.19379e-04   4.09668e-04   3.99746e-04
  3.89620e-04   3.79298e-04   3.68787e-04   3.58095e-04   3.47231e-04   3.36202e-04
  3.25017e-04   3.13684e-04   3.02212e-04   2.90607e-04   2.78880e-04   2.67038e-04
  2.55090e-04   2.43045e-04
