fwd01.stf.ricker_02Hz_norm txt 
2000  8.00000e-02 0 0  0.00000e+00  0.00000e+00  0.00000e+00  0.00000e+00
  0.00000e+00   7.24321e-09   2.85152e-08   6.23519e-08   1.06187e-07   1.56288e-07
  2.07725e-07   2.54365e-07   2.88904e-07   3.02939e-07   2.87074e-07   2.31076e-07
  1.24066e-07  -4.52466e-08  -2.88285e-07  -6.16295e-07  -1.04000e-06  -1.56920e-06
 -2.21241e-06  -2.97642e-06  -3.86588e-06  -4.88285e-06  -6.02643e-06  -7.29234e-06
 -8.67259e-06  -1.01551e-05  -1.17236e-05  -1.33573e-05  -1.50306e-05  -1.67138e-05
 -1.83722e-05  -1.99669e-05  -2.14553e-05  -2.27907e-05  -2.39237e-05  -2.48022e-05
 -2.53729e-05  -2.55812e-05  -2.53734e-05  -2.46965e-05  -2.35005e-05  -2.17388e-05
 -1.93701e-05  -1.63592e-05  -1.26783e-05  -8.30869e-06  -3.24141e-06   2.52130e-06
  8.96526e-06   1.60634e-05   2.37751e-05   3.20461e-05   4.08077e-05   4.99773e-05
  5.94584e-05   6.91416e-05   7.89048e-05   8.86155e-05   9.81317e-05   1.07303e-04
  1.15974e-04   1.23985e-04   1.31176e-04   1.37479e-04   1.42840e-04   1.47131e-04
  1.50219e-04   1.51977e-04   1.52279e-04   1.51006e-04   1.48045e-04   1.43294e-04
  1.36658e-04   1.28057e-04   1.17424e-04   1.04708e-04   8.98776e-05   7.29181e-05
  5.38385e-05   3.26694e-05   9.46626e-06  -1.56898e-05  -4.26905e-05  -7.13996e-05
 -1.01653e-04  -1.33255e-04  -1.65981e-04  -1.99579e-04  -2.33765e-04  -2.68227e-04
 -3.02625e-04  -3.36592e-04  -3.69738e-04  -4.01649e-04  -4.31891e-04  -4.60014e-04
 -4.85552e-04  -5.08031e-04  -5.26970e-04  -5.41889e-04  -5.52308e-04  -5.57760e-04
 -5.57789e-04  -5.51963e-04  -5.39875e-04  -5.21151e-04  -4.95459e-04  -4.62512e-04
 -4.22075e-04  -3.73974e-04  -3.18104e-04  -2.54431e-04  -1.82998e-04  -1.03937e-04
 -1.74691e-05   7.60903e-05   1.76325e-04   2.82716e-04   3.94637e-04   5.11355e-04
  6.32027e-04   7.55705e-04   8.81321e-04   1.00772e-03   1.13364e-03   1.25771e-03
  1.37848e-03   1.49443e-03   1.60394e-03   1.70536e-03   1.79697e-03   1.87703e-03
  1.94377e-03   1.99544e-03   2.03028e-03   2.04657e-03   2.04268e-03   2.01702e-03
  1.96813e-03   1.89467e-03   1.79543e-03   1.66941e-03   1.51579e-03   1.33397e-03
  1.12362e-03   8.84654e-04   6.17305e-04   3.22105e-04  -7.15251e-08  -3.47997e-04
 -7.20078e-04  -1.11434e-03  -1.52841e-03  -1.95953e-03  -2.40454e-03  -2.85987e-03
 -3.32158e-03  -3.78533e-03  -4.24642e-03  -4.69979e-03  -5.14009e-03  -5.56164e-03
 -5.95852e-03  -6.32462e-03  -6.65363e-03  -6.93912e-03  -7.17469e-03  -7.35382e-03
 -7.47021e-03  -7.51754e-03  -7.48986e-03  -7.38150e-03  -7.18717e-03  -6.90201e-03
 -6.52187e-03  -6.04310e-03  -5.46290e-03  -4.77927e-03  -3.99117e-03  -3.09855e-03
 -2.10246e-03  -1.00513e-03   1.89958e-04   1.47804e-03   2.85298e-03   4.30724e-03
  5.83183e-03   7.41636e-03   9.04885e-03   1.07160e-02   1.24030e-02   1.40938e-02
  1.57706e-02   1.74149e-02   1.90068e-02   2.05250e-02   2.19481e-02   2.32532e-02
  2.44172e-02   2.54165e-02   2.62276e-02   2.68268e-02   2.71909e-02   2.72972e-02
  2.71242e-02   2.66512e-02   2.58594e-02   2.47316e-02   2.32530e-02   2.14112e-02
  1.91967e-02   1.66031e-02   1.36277e-02   1.02715e-02   6.53967e-03   2.44184e-03
 -2.00771e-03  -6.78974e-03  -1.18799e-02  -1.72485e-02  -2.28605e-02  -2.86754e-02
 -3.46470e-02  -4.07236e-02  -4.68483e-02  -5.29588e-02  -5.89876e-02  -6.48625e-02
 -7.05066e-02  -7.58400e-02  -8.07771e-02  -8.52321e-02  -8.91141e-02  -9.23329e-02
 -9.47954e-02  -9.64101e-02  -9.70853e-02  -9.67321e-02  -9.52628e-02  -9.25958e-02
 -8.86533e-02  -8.33631e-02  -7.66613e-02  -6.84929e-02  -5.88116e-02  -4.75817e-02
 -3.47803e-02  -2.03971e-02  -4.43573e-03   1.30850e-02   3.21306e-02   5.26499e-02
  7.45746e-02   9.78176e-02   1.22276e-01   1.47826e-01   1.74326e-01   2.01618e-01
  2.29525e-01   2.57850e-01   2.86385e-01   3.14901e-01   3.43159e-01   3.70905e-01
  3.97875e-01   4.23795e-01   4.48384e-01   4.71357e-01   4.92428e-01   5.11310e-01
  5.27721e-01   5.41385e-01   5.52036e-01   5.59422e-01   5.63305e-01   5.63470e-01
  5.59724e-01   5.51899e-01   5.39856e-01   5.23491e-01   5.02731e-01   4.77545e-01
  4.47936e-01   4.13953e-01   3.75683e-01   3.33261e-01   2.86862e-01   2.36708e-01
  1.83062e-01   1.26231e-01   6.65609e-02   4.43821e-03  -5.97172e-02  -1.25452e-01
 -1.92285e-01  -2.59710e-01  -3.27203e-01  -3.94224e-01  -4.60225e-01  -5.24656e-01
 -5.86968e-01  -6.46624e-01  -7.03101e-01  -7.55891e-01  -8.04531e-01  -8.48563e-01
 -8.87596e-01  -9.21257e-01  -9.49249e-01  -9.71291e-01  -9.87193e-01  -9.96787e-01
 -1.00000e+00  -9.96787e-01  -9.87193e-01  -9.71291e-01  -9.49249e-01  -9.21257e-01
 -8.87596e-01  -8.48563e-01  -8.04531e-01  -7.55891e-01  -7.03101e-01  -6.46624e-01
 -5.86968e-01  -5.24656e-01  -4.60225e-01  -3.94224e-01  -3.27203e-01  -2.59710e-01
 -1.92285e-01  -1.25452e-01  -5.97171e-02   4.43838e-03   6.65615e-02   1.26231e-01
  1.83062e-01   2.36708e-01   2.86862e-01   3.33261e-01   3.75683e-01   4.13953e-01
  4.47937e-01   4.77545e-01   5.02732e-01   5.23491e-01   5.39857e-01   5.51899e-01
  5.59724e-01   5.63471e-01   5.63306e-01   5.59422e-01   5.52037e-01   5.41386e-01
  5.27722e-01   5.11311e-01   4.92428e-01   4.71358e-01   4.48384e-01   4.23795e-01
  3.97875e-01   3.70906e-01   3.43159e-01   3.14901e-01   2.86385e-01   2.57850e-01
  2.29525e-01   2.01618e-01   1.74326e-01   1.47825e-01   1.22276e-01   9.78176e-02
  7.45739e-02   5.26497e-02   3.21304e-02   1.30848e-02  -4.43601e-03  -2.03974e-02
 -3.47807e-02  -4.75820e-02  -5.88119e-02  -6.84936e-02  -7.66620e-02  -8.33631e-02
 -8.86533e-02  -9.25965e-02  -9.52635e-02  -9.67321e-02  -9.70860e-02  -9.64108e-02
 -9.47961e-02  -9.23329e-02  -8.91148e-02  -8.52321e-02  -8.07777e-02  -7.58400e-02
 -7.05073e-02  -6.48626e-02  -5.89877e-02  -5.29589e-02  -4.68484e-02  -4.07237e-02
 -3.46470e-02  -2.86754e-02  -2.28606e-02  -1.72486e-02  -1.18799e-02  -6.78980e-03
 -2.00774e-03   2.44182e-03   6.53966e-03   1.02715e-02   1.36277e-02   1.66031e-02
  1.91967e-02   2.14113e-02   2.32530e-02   2.47316e-02   2.58594e-02   2.66512e-02
  2.71242e-02   2.72973e-02   2.71909e-02   2.68268e-02   2.62276e-02   2.54165e-02
  2.44172e-02   2.32532e-02   2.19481e-02   2.05250e-02   1.90068e-02   1.74149e-02
  1.57706e-02   1.40938e-02   1.24030e-02   1.07160e-02   9.04885e-03   7.41629e-03
  5.83183e-03   4.30723e-03   2.85297e-03   1.47803e-03   1.89945e-04  -1.00515e-03
 -2.10247e-03  -3.09856e-03  -3.99118e-03  -4.77929e-03  -5.46292e-03  -6.04312e-03
 -6.52189e-03  -6.90208e-03  -7.18717e-03  -7.38150e-03  -7.48986e-03  -7.51754e-03
 -7.47021e-03  -7.35382e-03  -7.17469e-03  -6.93912e-03  -6.65363e-03  -6.32462e-03
 -5.95853e-03  -5.56164e-03  -5.14010e-03  -4.69980e-03  -4.24642e-03  -3.78534e-03
 -3.32158e-03  -2.85987e-03  -2.40454e-03  -1.95953e-03  -1.52841e-03  -1.11434e-03
 -7.20071e-04  -3.47995e-04  -6.89942e-08   3.22108e-04   6.17309e-04   8.84661e-04
  1.12362e-03   1.33398e-03   1.51579e-03   1.66941e-03   1.79543e-03   1.89467e-03
  1.96813e-03   2.01702e-03   2.04268e-03   2.04658e-03   2.03028e-03   1.99545e-03
  1.94378e-03   1.87703e-03   1.79698e-03   1.70536e-03   1.60394e-03   1.49443e-03
  1.37848e-03   1.25771e-03   1.13364e-03   1.00772e-03   8.81321e-04   7.55705e-04
  6.32028e-04   5.11355e-04   3.94637e-04   2.82716e-04   1.76325e-04   7.60897e-05
 -1.74702e-05  -1.03938e-04  -1.83000e-04  -2.54432e-04  -3.18106e-04  -3.73976e-04
 -4.22077e-04  -4.62514e-04  -4.95461e-04  -5.21153e-04  -5.39877e-04  -5.51965e-04
 -5.57791e-04  -5.57761e-04  -5.52310e-04  -5.41890e-04  -5.26972e-04  -5.08032e-04
 -4.85553e-04  -4.60015e-04  -4.31893e-04  -4.01651e-04  -3.69739e-04  -3.36593e-04
 -3.02625e-04  -2.68227e-04  -2.33765e-04  -1.99579e-04  -1.65981e-04  -1.33254e-04
 -1.01653e-04  -7.13996e-05  -4.26902e-05  -1.56894e-05   9.46666e-06   3.26699e-05
  5.38390e-05   7.29187e-05   8.98783e-05   1.04709e-04   1.17424e-04   1.28057e-04
  1.36659e-04   1.43295e-04   1.48046e-04   1.51007e-04   1.52280e-04   1.51978e-04
  1.50220e-04   1.47132e-04   1.42841e-04   1.37479e-04   1.31176e-04   1.24064e-04
  1.16272e-04   1.07925e-04   9.91468e-05   9.00536e-05   8.07572e-05   7.13631e-05
  6.19697e-05   5.26687e-05   4.35436e-05   3.46700e-05   2.61156e-05   1.79401e-05
  1.01949e-05   2.92353e-06  -3.83842e-06  -1.00629e-05  -1.57290e-05  -2.08230e-05
 -2.53378e-05  -2.92721e-05  -3.26308e-05  -3.54238e-05  -3.76656e-05  -3.93753e-05
 -4.05756e-05  -4.12926e-05  -4.15550e-05  -4.13939e-05  -4.08422e-05  -3.99341e-05
 -3.87049e-05  -3.71902e-05  -3.54258e-05  -3.34476e-05  -3.12903e-05  -2.89884e-05
 -2.65748e-05  -2.40814e-05  -2.15382e-05  -1.89738e-05  -1.64144e-05  -1.38848e-05
 -1.14073e-05  -9.00217e-06  -6.68736e-06  -4.47875e-06  -2.38998e-06  -4.32476e-07
  1.38443e-06   3.05347e-06   4.56936e-06   5.92868e-06   7.12981e-06   8.17272e-06
  9.05900e-06   9.79166e-06   1.03749e-05   1.08141e-05   1.11157e-05   1.12868e-05
  1.13356e-05   1.12704e-05   1.11005e-05   1.08353e-05   1.04843e-05   1.00573e-05
  9.56406e-06   9.01432e-06   8.41758e-06   7.78312e-06   7.11991e-06   6.43656e-06
  5.74114e-06   5.04133e-06   4.34426e-06   3.65651e-06   2.98408e-06   2.33237e-06
  1.70618e-06   1.10973e-06   5.46606e-07   1.98217e-08  -4.68188e-07  -9.15547e-07
 -1.32091e-06  -1.68344e-06  -2.00278e-06  -2.27903e-06  -2.51267e-06  -2.70460e-06
 -2.85603e-06  -2.96849e-06  -3.04376e-06  -3.08387e-06  -3.09101e-06  -3.06758e-06
 -3.01604e-06  -2.93898e-06  -2.83905e-06  -2.71890e-06  -2.58120e-06  -2.42858e-06
 -2.26364e-06  -2.08889e-06  -1.90674e-06  -1.71953e-06  -1.52945e-06  -1.33855e-06
 -1.14876e-06  -9.61837e-07  -7.79394e-07  -6.02858e-07  -4.33522e-07  -2.72496e-07
 -1.20732e-07   2.09804e-08   1.52005e-07   2.71860e-07   3.80205e-07   4.76839e-07
  5.61687e-07   6.34797e-07   6.96322e-07   7.46529e-07   7.85761e-07   8.14450e-07
  8.33100e-07   8.42262e-07   8.42561e-07   8.34647e-07   8.19197e-07   7.96922e-07
  7.68545e-07   7.34798e-07   6.96402e-07   6.54070e-07   6.08511e-07   5.60404e-07
  5.10407e-07   4.59144e-07   4.07208e-07   3.55155e-07   3.03498e-07   2.52711e-07
  2.03223e-07   1.55420e-07   1.09642e-07   6.61834e-08   2.52961e-08  -1.28125e-08
 -4.79776e-08  -8.00746e-08  -1.09019e-07  -1.34762e-07  -1.57290e-07  -1.76623e-07
 -1.92808e-07  -2.05920e-07  -2.16060e-07  -2.23349e-07  -2.27926e-07  -2.29949e-07
 -2.29586e-07  -2.27018e-07  -2.22431e-07  -2.16021e-07  -2.07984e-07  -1.98519e-07
 -1.87824e-07  -1.76094e-07  -1.63519e-07  -1.50284e-07  -1.36566e-07  -1.22535e-07
 -1.08351e-07  -9.41620e-08  -8.01072e-08  -6.63128e-08  -5.28940e-08  -3.99535e-08
 -2.75817e-08  -1.58569e-08  -4.84516e-09   5.39911e-09   1.48331e-08   2.34250e-08
  3.11535e-08   3.80073e-08   4.39846e-08   4.90920e-08   5.33442e-08   5.67631e-08
  5.93771e-08   6.12203e-08   6.23319e-08   6.27551e-08   6.25366e-08   6.17263e-08
  6.03756e-08   5.85377e-08   5.62666e-08   5.36162e-08   5.06405e-08   4.73925e-08
  4.39239e-08   4.02847e-08   3.65230e-08   3.26844e-08   2.88118e-08   2.49456e-08
  2.11228e-08   1.73773e-08   1.37399e-08   1.02380e-08   6.89557e-09   3.73334e-09
  7.68711e-10  -1.98410e-09  -4.51398e-09  -6.81284e-09  -8.87536e-09  -1.06991e-08
 -1.22837e-08  -1.36318e-08  -1.47475e-08  -1.56373e-08  -1.63093e-08  -1.67729e-08
 -1.70391e-08  -1.71200e-08  -1.70284e-08  -1.67779e-08  -1.63828e-08  -1.58576e-08
 -1.52171e-08  -1.44760e-08  -1.36489e-08  -1.27504e-08  -1.17942e-08  -1.07941e-08
 -9.76297e-09  -8.71323e-09  -7.65644e-09  -6.60330e-09  -5.56387e-09  -4.54723e-09
 -3.56157e-09  -2.61419e-09  -1.71147e-09  -8.58874e-10  -6.10031e-11   6.78443e-10
  1.35659e-09   1.97138e-09   2.52153e-09   3.00646e-09   3.42629e-09   3.78173e-09
  4.07411e-09   4.30524e-09   4.47741e-09   4.59331e-09   4.65596e-09   4.66870e-09
  4.63509e-09   4.55891e-09   4.44402e-09   4.29442e-09   4.11412e-09   3.90715e-09
  3.67749e-09   3.42907e-09   3.16567e-09   2.89097e-09   2.60848e-09   2.32152e-09
  2.03321e-09   1.74646e-09   1.46393e-09   1.18807e-09   9.21065e-10   6.64845e-10
  4.21121e-10   1.91328e-10  -2.33279e-11  -2.21878e-10  -4.03583e-10  -5.67923e-10
 -7.14581e-10  -8.43444e-10  -9.54574e-10  -1.04820e-09  -1.12471e-09  -1.18461e-09
 -1.22857e-09  -1.25733e-09  -1.27174e-09  -1.27271e-09  -1.26123e-09  -1.23834e-09
 -1.20510e-09  -1.16260e-09  -1.11194e-09  -1.05421e-09  -9.90499e-10  -9.21868e-10
 -8.49353e-10  -7.73943e-10  -6.96581e-10  -6.18171e-10  -5.39549e-10  -4.61495e-10
 -3.84728e-10  -3.09898e-10  -2.37590e-10  -1.68320e-10  -1.02538e-10  -4.06238e-11
  1.71050e-11   7.03971e-11   1.19062e-10   1.62970e-10   2.02045e-10   2.36265e-10
  2.65656e-10   2.90289e-10   3.10277e-10   3.25769e-10   3.36948e-10   3.44023e-10
  3.47229e-10   3.46821e-10   3.43071e-10   3.36262e-10   3.26687e-10   3.14643e-10
  3.00431e-10   2.84348e-10   2.66690e-10   2.47744e-10   2.27791e-10   2.07099e-10
  1.85923e-10   1.64506e-10   1.43073e-10   1.21835e-10   1.00982e-10   8.06908e-11
  6.11151e-11   4.23934e-11   2.46444e-11   7.96862e-12  -7.55107e-12  -2.18493e-11
 -3.48774e-11  -4.66026e-11  -5.70073e-11  -6.60880e-11  -7.38542e-11  -8.03276e-11
 -8.55415e-11  -8.95377e-11  -9.23674e-11  -9.40896e-11  -9.47695e-11  -9.44774e-11
 -9.32883e-11  -9.12799e-11  -8.85325e-11  -8.51272e-11  -8.11462e-11  -7.66706e-11
 -7.17801e-11  -6.65536e-11  -6.10665e-11  -5.53916e-11  -4.95977e-11  -4.37500e-11
 -3.79096e-11  -3.21325e-11  -2.64703e-11  -2.09695e-11  -1.56717e-11  -1.06133e-11
 -5.82600e-12  -1.33614e-12   2.83460e-12   6.66923e-12   1.01554e-11   1.32849e-11
  1.60537e-11   1.84616e-11   2.05118e-11   2.22110e-11   2.35684e-11   2.45962e-11
  2.53088e-11   2.57227e-11   2.58556e-11   2.57274e-11   2.53585e-11   2.47702e-11
  2.39847e-11   2.30240e-11   2.19103e-11   2.06661e-11   1.93130e-11   1.78720e-11
  1.63640e-11   1.48083e-11   1.32237e-11   1.16277e-11   1.00367e-11   8.46578e-12
  6.92877e-12   5.43807e-12   4.00475e-12   2.63851e-12   1.34768e-12   1.39231e-13
 -9.81184e-13  -2.00918e-12  -2.94159e-12  -3.77642e-12  -4.51277e-12  -5.15077e-12
 -5.69149e-12  -6.13686e-12  -6.48961e-12  -6.75316e-12  -6.93155e-12  -7.02935e-12
 -7.05153e-12  -7.00346e-12  -6.89092e-12  -6.71963e-12  -6.49572e-12  -6.22518e-12
 -5.91412e-12  -5.56855e-12  -5.19440e-12  -4.79741e-12  -4.38314e-12  -3.95688e-12
 -3.52368e-12  -3.08826e-12  -2.65501e-12  -2.22800e-12  -1.81090e-12  -1.40705e-12
 -1.01939e-12  -6.50498e-13  -3.02563e-13   2.25760e-14   3.23444e-13   5.98911e-13
  8.48178e-13   1.07076e-12   1.26646e-12   1.43537e-12   1.57782e-12   1.69440e-12
  1.78587e-12   1.85322e-12   1.89755e-12   1.92016e-12   1.92243e-12   1.90582e-12
  1.87191e-12   1.82232e-12   1.75866e-12   1.68261e-12   1.59583e-12   1.49995e-12
  1.39658e-12   1.28727e-12   1.17352e-12   1.05678e-12   9.38400e-13   8.19649e-13
  7.01714e-13   5.85676e-13   4.72528e-13   3.63154e-13   2.58340e-13   1.58767e-13
  6.50159e-14  -2.24327e-14  -1.03194e-13  -1.76978e-13  -2.43583e-13  -3.02893e-13
 -3.54869e-13  -3.99550e-13  -4.37040e-13  -4.67508e-13  -4.91175e-13  -5.08314e-13
 -5.19244e-13  -5.24315e-13  -5.23912e-13  -5.18445e-13  -5.08340e-13  -4.94039e-13
 -4.75992e-13  -4.54651e-13  -4.30468e-13  -4.03887e-13  -3.75345e-13  -3.45264e-13
 -3.14052e-13  -2.82093e-13  -2.49756e-13  -2.17382e-13  -1.85289e-13  -1.53768e-13
 -1.23083e-13  -9.34715e-14  -6.51411e-14  -3.82730e-14  -1.30202e-14   1.04910e-14
  3.21612e-14   5.19156e-14   6.97040e-14   8.54983e-14   9.92936e-14   1.11102e-13
  1.20957e-13   1.28906e-13   1.35015e-13   1.39358e-13   1.42024e-13   1.43113e-13
  1.42729e-13   1.40986e-13   1.38000e-13   1.33894e-13   1.28789e-13   1.22810e-13
  1.16078e-13   1.08715e-13   1.00841e-13   9.25672e-14   8.40058e-14   7.52611e-14
  6.64314e-14   5.76084e-14   4.88781e-14   4.03184e-14   3.19996e-14   2.39851e-14
  1.63302e-14   9.08277e-15   2.28307e-15  -4.03582e-15  -9.84803e-15  -1.51345e-14
 -1.98828e-14  -2.40865e-14  -2.77450e-14  -3.08630e-14  -3.34503e-14  -3.55210e-14
 -3.70930e-14  -3.81881e-14  -3.88307e-14  -3.90482e-14  -3.88699e-14  -3.83268e-14
 -3.74512e-14  -3.62761e-14  -3.48352e-14  -3.31622e-14  -3.12904e-14  -2.92528e-14
 -2.70814e-14  -2.48074e-14  -2.24602e-14  -2.00683e-14  -1.76582e-14  -1.52547e-14
 -1.28806e-14  -1.05568e-14  -8.30232e-15  -6.13386e-15  -4.06614e-15  -2.11185e-15
 -2.81572e-16   1.41605e-15   2.97432e-15   4.38840e-15   5.65520e-15   6.77334e-15
  7.74282e-15   8.56537e-15   9.24371e-15   9.78203e-15   1.01854e-14   1.04598e-14
  1.06123e-14   1.06503e-14   1.05819e-14   1.04156e-14   1.01604e-14   9.82525e-15
  9.41932e-15   8.95184e-15   8.43192e-15   7.86843e-15   7.27010e-15   6.64533e-15
  6.00218e-15   5.34822e-15   4.69063e-15   4.03606e-15   3.39067e-15   2.76005e-15
  2.14923e-15   1.56271e-15   1.00436e-15   4.77557e-16  -1.49235e-17  -4.70829e-16
 -8.88432e-16  -1.26650e-15  -1.60429e-15  -1.90149e-15  -2.15822e-15  -2.37496e-15
 -2.55259e-15  -2.69225e-15  -2.79539e-15  -2.86372e-15  -2.89915e-15  -2.90377e-15
 -2.87980e-15  -2.82961e-15  -2.75561e-15  -2.66028e-15  -2.54615e-15  -2.41569e-15
 -2.27139e-15  -2.11568e-15  -1.95091e-15  -1.77936e-15  -1.60320e-15  -1.42447e-15
 -1.24512e-15  -1.06692e-15  -8.91533e-16  -7.20450e-16  -5.55012e-16  -3.96416e-16
 -2.45698e-16  -1.03739e-16   2.87273e-17   1.51116e-16   2.62981e-16   3.64014e-16
  4.54034e-16   5.32979e-16   6.00902e-16   6.57957e-16   7.04396e-16   7.40547e-16
  7.66819e-16   7.83696e-16   7.91697e-16   7.91418e-16   7.83457e-16   7.68466e-16
  7.47107e-16   7.20071e-16   6.88030e-16   6.51665e-16   6.11655e-16   5.68658e-16
  5.23310e-16   4.76228e-16   4.27998e-16   3.79174e-16   3.30273e-16   2.81778e-16
  2.34131e-16   1.87731e-16   1.42938e-16   1.00069e-16   5.93972e-17   2.11566e-17
 -1.44609e-17  -4.73031e-17  -7.72562e-17  -1.04242e-16  -1.28218e-16  -1.49173e-16
 -1.67128e-16  -1.82130e-16  -1.94250e-16  -2.03585e-16  -2.10250e-16  -2.14377e-16
 -2.16114e-16  -2.15621e-16  -2.13068e-16  -2.08632e-16  -2.02494e-16  -1.94843e-16
 -1.85861e-16  -1.75737e-16  -1.64653e-16  -1.52788e-16  -1.40315e-16  -1.27399e-16
 -1.14201e-16  -1.00868e-16  -8.75406e-17  -7.43475e-17  -6.14074e-17  -4.88274e-17
 -3.67032e-17  -2.51189e-17  -1.41473e-17  -3.84968e-18   5.72363e-18   1.45332e-17
  2.25496e-17   2.97539e-17   3.61358e-17   4.16943e-17   4.64361e-17   5.03757e-17
  5.35339e-17   5.59379e-17   5.76201e-17   5.86176e-17   5.89712e-17   5.87252e-17
  5.79264e-17   5.66234e-17   5.48661e-17   5.27052e-17   5.01916e-17   4.73759e-17
  4.43078e-17   4.10358e-17   3.76067e-17   3.40656e-17   3.04552e-17   2.68157e-17
  2.31846e-17   1.95967e-17   1.60836e-17   1.26740e-17   9.39336e-18   6.26405e-18
  3.30530e-18   5.33280e-19  -2.03887e-18  -4.40094e-18  -6.54548e-18  -8.46770e-18
 -1.01655e-17  -1.16387e-17  -1.28898e-17  -1.39231e-17  -1.47444e-17  -1.53617e-17
 -1.57839e-17  -1.60214e-17  -1.60855e-17  -1.59884e-17  -1.57431e-17  -1.53628e-17
 -1.48613e-17  -1.42523e-17  -1.35497e-17  -1.27674e-17  -1.19188e-17  -1.10171e-17
 -1.00750e-17  -9.10448e-18  -8.11728e-18  -7.12416e-18  -6.13526e-18  -5.15982e-18
 -4.20636e-18  -3.28254e-18  -2.39512e-18  -1.55006e-18  -7.52438e-19  -6.50096e-21
  6.84319e-19   1.31739e-18   1.89082e-18   2.40343e-18   2.85476e-18   3.24495e-18
  3.57471e-18   3.84532e-18   4.05851e-18   4.21648e-18   4.32174e-18   4.37720e-18
  4.38599e-18   4.35148e-18   4.27721e-18   4.16683e-18   4.02410e-18   3.85280e-18
  3.65670e-18   3.43955e-18   3.20501e-18   2.95665e-18   2.69792e-18   2.43209e-18
  2.16227e-18   1.89138e-18   1.62214e-18   1.35704e-18   1.09836e-18   8.48125e-19
  6.08158e-19   3.80027e-19   1.65075e-19  -3.55810e-20  -2.21048e-19  -3.90646e-19
 -5.43900e-19  -6.80527e-19  -8.00434e-19  -9.03683e-19  -9.90506e-19  -1.06127e-18
 -1.11649e-18  -1.15676e-18  -1.18281e-18  -1.19542e-18  -1.19548e-18  -1.18391e-18
 -1.16168e-18  -1.12980e-18  -1.08929e-18  -1.04118e-18  -9.86515e-19  -9.26297e-19
 -8.61516e-19  -7.93157e-19  -7.22143e-19  -6.49355e-19  -5.75639e-19  -5.01777e-19
 -4.28500e-19  -3.56476e-19  -2.86314e-19  -2.18558e-19  -1.53688e-19  -9.21217e-20
 -3.42144e-20   1.97423e-20   6.95154e-20   1.14931e-19   1.55870e-19   1.92264e-19
  2.24096e-19   2.51395e-19   2.74229e-19   2.92708e-19   3.06973e-19   3.17198e-19
  3.23582e-19   3.26347e-19   3.25734e-19   3.21999e-19   3.15409e-19   3.06238e-19
  2.94769e-19   2.81282e-19   2.66056e-19   2.49370e-19   2.31493e-19   2.12687e-19
  1.93205e-19   1.73284e-19   1.53152e-19   1.33020e-19   1.13084e-19   9.35220e-20
  7.44982e-20   5.61571e-20   3.86266e-20   2.20174e-20   6.42264e-21  -8.08096e-21
 -2.14332e-20  -3.35892e-20  -4.45194e-20  -5.42082e-20  -6.26531e-20  -6.98640e-20
 -7.58620e-20  -8.06788e-20  -8.43550e-20  -8.69384e-20  -8.84854e-20  -8.90577e-20
 -8.87217e-20  -8.75472e-20  -8.56085e-20  -8.29813e-20  -7.97407e-20  -7.59649e-20
 -7.17296e-20  -6.71100e-20  -6.21793e-20  -5.70088e-20  -5.16665e-20  -4.62168e-20
 -4.07209e-20  -3.52355e-20  -2.98133e-20  -2.45022e-20  -1.93458e-20  -1.43826e-20
 -9.64672e-21  -5.16735e-21  -9.69081e-22   2.92806e-21   6.50844e-21   9.76072e-21
  1.26775e-20   1.52551e-20   1.74938e-20   1.93968e-20   2.09703e-20   2.22236e-20
  2.31680e-20   2.38173e-20   2.41870e-20   2.42940e-20   2.41570e-20   2.37951e-20
  2.32286e-20   2.24781e-20   2.15646e-20   2.05089e-20   1.93319e-20   1.80540e-20
  1.66950e-20   1.52742e-20   1.38100e-20   1.23197e-20   1.08200e-20   9.32591e-21
  7.85170e-21   6.41015e-21   5.01292e-21   3.67030e-21   2.39130e-21   1.18366e-21
  5.38364e-23  -9.92929e-22  -1.95261e-21  -2.82232e-21  -3.60024e-21  -4.28561e-21
 -4.87860e-21  -5.38028e-21  -5.79254e-21  -6.11797e-21  -6.35983e-21  -6.52196e-21
 -6.60867e-21  -6.62470e-21  -6.57513e-21  -6.46528e-21  -6.30068e-21  -6.08699e-21
 -5.82991e-21  -5.53517e-21  -5.20839e-21  -4.85514e-21  -4.48080e-21  -4.09058e-21
 -3.68945e-21  -3.28211e-21  -2.87300e-21  -2.46620e-21  -2.06551e-21  -1.67437e-21
 -1.29589e-21  -9.32803e-22  -5.87504e-22  -2.62034e-22   4.19095e-23   3.22962e-22
  5.80083e-22   8.12544e-22   1.01990e-21   1.20202e-21   1.35896e-21   1.49108e-21
  1.59893e-21   1.68325e-21   1.74497e-21   1.78515e-21   1.80500e-21   1.80583e-21
  1.78903e-21   1.75608e-21   1.70849e-21   1.64782e-21   1.57559e-21   1.49340e-21
  1.40276e-21   1.30518e-21   1.20213e-21   1.09502e-21   9.85174e-22   8.73872e-22
  7.62311e-22   6.51590e-22   5.42722e-22   4.36629e-22   3.34138e-22   2.35979e-22
  1.42786e-22   5.50983e-23  -2.66386e-23  -1.02070e-22  -1.70929e-22  -2.33033e-22
 -2.88276e-22  -3.36629e-22  -3.78132e-22  -4.12888e-22  -4.41058e-22  -4.62855e-22
 -4.78538e-22  -4.88408e-22  -4.92798e-22  -4.92072e-22  -4.86614e-22  -4.76827e-22
 -4.63128e-22  -4.45938e-22  -4.25684e-22  -4.02787e-22  -3.77669e-22  -3.50735e-22
 -3.22383e-22  -2.92993e-22  -2.62928e-22  -2.32530e-22  -2.02120e-22  -1.71993e-22
 -1.42423e-22  -1.13655e-22  -8.59100e-23  -5.93814e-23  -3.42380e-23  -1.06216e-23
  1.13511e-23   3.15881e-23   5.00208e-23   6.66040e-23   8.13122e-23   9.41421e-23
  1.05107e-22   1.14239e-22   1.21585e-22   1.27205e-22   1.31172e-22   1.33570e-22
  1.34491e-22   1.34037e-22   1.32314e-22   1.29430e-22   1.25502e-22   1.20643e-22
  1.14971e-22   1.08601e-22   1.01645e-22   9.42151e-23   8.64192e-23   7.83597e-23
  7.01342e-23   6.18350e-23   5.35485e-23   4.53542e-23   3.73250e-23   2.95268e-23
  2.20184e-23   1.48512e-23   8.06974e-24   1.71150e-24  -4.19307e-24  -9.62010e-24
 -1.45521e-23  -1.89778e-23  -2.28915e-23  -2.62932e-23  -2.91875e-23  -3.15839e-23
 -3.34958e-23  -3.49407e-23  -3.59388e-23  -3.65137e-23  -3.66909e-23  -3.64983e-23
 -3.59649e-23  -3.51213e-23  -3.39985e-23  -3.26282e-23  -3.10419e-23  -2.92711e-23
 -2.73467e-23  -2.52987e-23  -2.31562e-23  -2.09470e-23  -1.86974e-23  -1.64325e-23
 -1.41754e-23  -1.19473e-23  -9.76789e-24  -7.65465e-24  -5.62335e-24  -3.68761e-24
 -1.85921e-24  -1.47971e-25   1.43812e-24   2.89289e-24   4.21193e-24   5.39243e-24
  6.43316e-24   7.33436e-24   8.09756e-24   8.72558e-24   9.22227e-24   9.59254e-24
  9.84218e-24   9.97756e-24   1.00060e-23   9.93493e-24   9.77260e-24   9.52715e-24
  9.20726e-24   8.82151e-24   8.37847e-24   7.88676e-24   7.35475e-24   6.79053e-24
  6.20203e-24   5.59675e-24   4.98181e-24   4.36392e-24   3.74930e-24   3.14368e-24
  2.55229e-24   1.97984e-24   1.43047e-24   9.07826e-25   4.15018e-25  -4.53718e-26
 -4.71264e-25  -8.61071e-25  -1.21367e-24  -1.52838e-24  -1.80495e-24  -2.04351e-24
 -2.24455e-24  -2.40888e-24  -2.53765e-24  -2.63221e-24  -2.69417e-24  -2.72536e-24
 -2.72773e-24  -2.70340e-24  -2.65458e-24  -2.58357e-24  -2.49267e-24  -2.38427e-24
 -2.26069e-24  -2.12428e-24  -1.97729e-24  -1.82195e-24  -1.66038e-24  -1.49463e-24
 -1.32659e-24  -1.15809e-24  -9.90785e-25  -8.26228e-25  -6.65808e-25  -5.10776e-25
 -3.62247e-25  -2.21182e-25  -8.84017e-26   3.54167e-26   1.49731e-25   2.54134e-25
  3.48342e-25   4.32194e-25   5.05640e-25   5.68737e-25   6.21635e-25   6.64573e-25
  6.97876e-25   7.21930e-25   7.37181e-25   7.44132e-25   7.43336e-25   7.35375e-25
  7.20848e-25   7.00386e-25   6.74625e-25   6.44209e-25   6.09779e-25   5.71967e-25
  5.31390e-25   4.88646e-25   4.44313e-25   3.98938e-25   3.53040e-25   3.07105e-25
  2.61581e-25   2.16881e-25   1.73378e-25   1.31407e-25   9.12639e-26   5.32018e-26
  1.74381e-26  -1.58495e-26  -4.65208e-26  -7.44710e-26  -9.96289e-26  -1.21958e-25
 -1.41448e-25  -1.58122e-25  -1.72024e-25  -1.83226e-25  -1.91816e-25  -1.97907e-25
 -2.01621e-25  -2.03101e-25  -2.02496e-25  -1.99967e-25  -1.95680e-25  -1.89807e-25
 -1.82523e-25  -1.74003e-25  -1.64421e-25  -1.53949e-25  -1.42755e-25  -1.31000e-25
 -1.18841e-25  -1.06426e-25  -9.38944e-26  -8.13766e-26  -6.89935e-26  -5.68553e-26
 -4.50622e-26  -3.37032e-26  -2.28568e-26  -1.25905e-26  -2.96119e-27   5.98464e-27
  1.42105e-26   2.16897e-26   2.84047e-26   3.43468e-26   3.95153e-26   4.39172e-26
  4.75663e-26   5.04831e-26   5.26931e-26   5.42273e-26   5.51206e-26   5.54118e-26
  5.51426e-26   5.43572e-26   5.31012e-26   5.14219e-26   4.93666e-26   4.69834e-26
  4.43196e-26   4.14218e-26   3.83356e-26   3.51050e-26   3.17720e-26   2.83766e-26
  2.49564e-26   2.15466e-26   1.81795e-26   1.48847e-26   1.16889e-26   8.61589e-27
  5.68645e-27   2.91843e-27   3.26806e-28  -2.07626e-27  -4.28135e-27  -6.28166e-27
 -8.07293e-27  -9.65309e-27  -1.10225e-26  -1.21835e-26  -1.31401e-26  -1.38981e-26
 -1.44649e-26  -1.48491e-26  -1.50605e-26  -1.51098e-26  -1.50087e-26  -1.47690e-26
 -1.44035e-26  -1.39250e-26  -1.33465e-26  -1.26811e-26  -1.19417e-26  -1.11409e-26
 -1.02911e-26  -9.40412e-27  -8.49141e-27  -7.56369e-27  -6.63120e-27  -5.70329e-27
 -4.78866e-27  -3.89522e-27  -3.03010e-27  -2.19961e-27  -1.40927e-27  -6.63790e-28
  3.28986e-29   6.77639e-28   1.26800e-27   1.80229e-27   2.27945e-27   2.69909e-27
  3.06139e-27   3.36708e-27   3.61741e-27   3.81402e-27   3.95902e-27   4.05483e-27
  4.10416e-27   4.11002e-27   4.07557e-27   4.00416e-27   3.89923e-27   3.76431e-27
  3.60295e-27   3.41872e-27   3.21510e-27   2.99554e-27   2.76339e-27   2.52183e-27
  2.27395e-27   2.02263e-27   1.77059e-27   1.52035e-27   1.27422e-27   1.03429e-27
  8.02433e-28   5.80322e-28   3.69379e-28   1.70821e-28  -1.43504e-29  -1.85346e-28
 -3.41576e-28  -4.82645e-28  -6.08340e-28  -7.18617e-28  -8.13593e-28  -8.93531e-28
 -9.58829e-28  -1.01000e-27  -1.04766e-27  -1.07252e-27  -1.08536e-27  -1.08705e-27
 -1.07848e-27  -1.06058e-27  -1.03433e-27  -1.00070e-27  -9.60649e-28  -9.15162e-28
 -8.65188e-28  -8.11641e-28  -7.55419e-28  -6.97365e-28  -6.38275e-28  -5.78893e-28
 -5.19906e-28  -4.61943e-28  -4.05563e-28  -3.51266e-28  -2.99481e-28  -2.50573e-28
 -2.04841e-28  -1.62519e-28  -1.23777e-28  -8.87257e-29  -5.74190e-29  -2.98554e-29
 -5.98420e-30   1.42914e-29   3.11096e-29   4.46449e-29   5.51033e-29   6.27174e-29
  6.77407e-29   7.04422e-29   7.11029e-29   7.00080e-29   6.74439e-29   6.36921e-29
  5.90261e-29   5.37057e-29   4.79742e-29   4.20542e-29   3.61449e-29   3.04191e-29
  2.50220e-29   2.00692e-29   1.56459e-29   1.18073e-29   8.57898e-30   5.95826e-30
  3.91699e-30   2.40434e-30   1.35112e-30   6.74884e-31   2.86108e-31   9.53883e-32
  2.18168e-32   2.50731e-33
