fwd01 2tri-p10-h20
2000 0.080000 0 0 0.0 0.0 0.0 0.0
 -0.00000e+00 -1.49629e-08 -6.28543e-08 -1.48062e-07 -2.74777e-07 -4.46942e-07
 -6.68197e-07 -9.41825e-07 -1.27070e-06 -1.65722e-06 -2.10326e-06 -2.61015e-06
 -3.17855e-06 -3.80846e-06 -4.49913e-06 -5.24906e-06 -6.05590e-06 -6.91643e-06
 -7.82654e-06 -8.78116e-06 -9.77425e-06 -1.07988e-05 -1.18467e-05 -1.29088e-05
 -1.39751e-05 -1.50343e-05 -1.60742e-05 -1.70814e-05 -1.80417e-05 -1.89397e-05
 -1.97593e-05 -2.04830e-05 -2.10930e-05 -2.15702e-05 -2.18951e-05 -2.20472e-05
 -2.20057e-05 -2.17491e-05 -2.12556e-05 -2.05029e-05 -1.94687e-05 -1.81307e-05
 -1.64664e-05 -1.44537e-05 -1.20708e-05 -9.29641e-06 -6.10985e-06 -2.49128e-06
  1.57817e-06  6.11621e-06  1.11393e-05  1.66622e-05  2.26983e-05  2.92589e-05
  3.63534e-05  4.39889e-05  5.21703e-05  6.08999e-05  7.01771e-05  7.99987e-05
  9.03584e-05  1.01247e-04  1.12651e-04  1.24555e-04  1.36939e-04  1.49780e-04
  1.63050e-04  1.76719e-04  1.90753e-04  2.05112e-04  2.19754e-04  2.34633e-04
  2.49699e-04  2.64897e-04  2.80170e-04  2.95455e-04  3.10689e-04  3.25801e-04
  3.40720e-04  3.55370e-04  3.69674e-04  3.83549e-04  3.96914e-04  4.09680e-04
  4.21762e-04  4.33069e-04  4.43510e-04  4.52994e-04  4.61428e-04  4.68719e-04
  4.74775e-04  4.79504e-04  4.82815e-04  4.84618e-04  4.84827e-04  4.83355e-04
  4.80121e-04  4.75047e-04  4.68057e-04  4.59081e-04  4.48054e-04  4.34915e-04
  4.19611e-04  4.02093e-04  3.82322e-04  3.60261e-04  3.35887e-04  3.09181e-04
  2.80133e-04  2.48743e-04  2.15020e-04  1.78983e-04  1.40658e-04  1.00086e-04
  5.73134e-05  1.24002e-05 -3.45843e-05 -8.35598e-05 -1.34435e-04 -1.87110e-04
 -2.41470e-04 -2.97395e-04 -3.54750e-04 -4.13392e-04 -4.73170e-04 -5.34006e-04
 -5.95854e-04 -6.58594e-04 -7.22101e-04 -7.86240e-04 -8.50872e-04 -9.15850e-04
 -9.81020e-04 -1.04622e-03 -1.11129e-03 -1.17605e-03 -1.24032e-03 -1.30393e-03
 -1.36667e-03 -1.42836e-03 -1.48880e-03 -1.54777e-03 -1.60508e-03 -1.66051e-03
 -1.71384e-03 -1.76485e-03 -1.81333e-03 -1.85905e-03 -1.90178e-03 -1.94129e-03
 -1.97737e-03 -2.00977e-03 -2.03828e-03 -2.06267e-03 -2.08272e-03 -2.09820e-03
 -2.10889e-03 -2.11459e-03 -2.11508e-03 -2.11016e-03 -2.09963e-03 -2.08329e-03
 -2.06096e-03 -2.03247e-03 -1.99765e-03 -1.95634e-03 -1.90840e-03 -1.85368e-03
 -1.79207e-03 -1.72345e-03 -1.64773e-03 -1.56482e-03 -1.47467e-03 -1.37721e-03
 -1.27242e-03 -1.16027e-03 -1.04078e-03 -9.13959e-04 -7.79851e-04 -6.38517e-04
 -4.90040e-04 -3.34525e-04 -1.72098e-04 -2.90819e-06  1.72871e-04  3.55044e-04
  5.43388e-04  7.37660e-04  9.37588e-04  1.14288e-03  1.35320e-03  1.56822e-03
  1.78756e-03  2.01083e-03  2.23758e-03  2.46739e-03  2.69977e-03  2.93422e-03
  3.17021e-03  3.40720e-03  3.64461e-03  3.88183e-03  4.11826e-03  4.35324e-03
  4.58612e-03  4.81619e-03  5.04276e-03  5.26511e-03  5.48248e-03  5.69412e-03
  5.89926e-03  6.09711e-03  6.28687e-03  6.46773e-03  6.63887e-03  6.79946e-03
  6.94868e-03  7.08568e-03  7.20964e-03  7.31971e-03  7.41507e-03  7.49489e-03
  7.55834e-03  7.60463e-03  7.63295e-03  7.64253e-03  7.63259e-03  7.60240e-03
  7.55124e-03  7.47842e-03  7.38327e-03  7.26515e-03  7.12347e-03  6.95768e-03
  6.76724e-03  6.55168e-03  6.31059e-03  6.04356e-03  5.75028e-03  5.43048e-03
  5.08393e-03  4.71050e-03  4.31008e-03  3.88267e-03  3.42830e-03  2.94710e-03
  2.43926e-03  1.90507e-03  1.34486e-03  7.59089e-04  1.48264e-04 -4.87004e-04
 -1.14602e-03 -1.82799e-03 -2.53205e-03 -3.25721e-03 -4.00242e-03 -4.76650e-03
 -5.54819e-03 -6.34615e-03 -7.15890e-03 -7.98490e-03 -8.82249e-03 -9.66992e-03
 -1.05253e-02 -1.13868e-02 -1.22522e-02 -1.31195e-02 -1.39864e-02 -1.48506e-02
 -1.57097e-02 -1.65611e-02 -1.74023e-02 -1.82306e-02 -1.90432e-02 -1.98374e-02
 -2.06102e-02 -2.13586e-02 -2.20797e-02 -2.27703e-02 -2.34273e-02 -2.40476e-02
 -2.46278e-02 -2.51647e-02 -2.56550e-02 -2.60955e-02 -2.64827e-02 -2.68134e-02
 -2.70841e-02 -2.72916e-02 -2.74326e-02 -2.75036e-02 -2.75016e-02 -2.74232e-02
 -2.72652e-02 -2.70247e-02 -2.66984e-02 -2.62834e-02 -2.57769e-02 -2.51761e-02
 -2.44782e-02 -2.36807e-02 -2.27812e-02 -2.17774e-02 -2.06670e-02 -1.94481e-02
 -1.81188e-02 -1.66775e-02 -1.51227e-02 -1.34531e-02 -1.16676e-02 -9.76527e-03
 -7.74552e-03 -5.60791e-03 -3.35223e-03 -9.78534e-04  1.51288e-03  4.12146e-03
  6.84637e-03  9.68653e-03  1.26406e-02  1.57068e-02  1.88834e-02  2.21680e-02
  2.55582e-02  2.90512e-02  3.26438e-02  3.63326e-02  4.01140e-02  4.39840e-02
  4.79382e-02  5.19722e-02  5.60809e-02  6.02594e-02  6.45021e-02  6.88034e-02
  7.31573e-02  7.75576e-02  8.19978e-02  8.64712e-02  9.09709e-02  9.54898e-02
  1.00020e-01  1.04555e-01  1.09087e-01  1.13607e-01  1.18108e-01  1.22581e-01
  1.27019e-01  1.31413e-01  1.35754e-01  1.40035e-01  1.44246e-01  1.48380e-01
  1.52428e-01  1.56382e-01  1.60233e-01  1.63974e-01  1.67596e-01  1.71091e-01
  1.74452e-01  1.77671e-01  1.80741e-01  1.83655e-01  1.86406e-01  1.88989e-01
  1.91396e-01  1.93622e-01  1.95662e-01  1.97511e-01  1.99165e-01  2.00618e-01
  2.01869e-01  2.02913e-01  2.03749e-01  2.04373e-01  2.04785e-01  2.04983e-01
  2.04968e-01  2.04738e-01  2.04295e-01  2.03640e-01  2.02773e-01  2.01699e-01
  2.00418e-01  1.98935e-01  1.97253e-01  1.95376e-01  1.93308e-01  1.91055e-01
  1.88622e-01  1.86015e-01  1.83239e-01  1.80302e-01  1.77210e-01  1.73970e-01
  1.70589e-01  1.67075e-01  1.63436e-01  1.59679e-01  1.55812e-01  1.51844e-01
  1.47783e-01  1.43638e-01  1.39416e-01  1.35126e-01  1.30776e-01  1.26376e-01
  1.21933e-01  1.17455e-01  1.12951e-01  1.08429e-01  1.03897e-01  9.93623e-02
  9.48332e-02  9.03169e-02  8.58208e-02  8.13520e-02  7.69174e-02  7.25237e-02
  6.81773e-02  6.38844e-02  5.96508e-02  5.54824e-02  5.13844e-02  4.73619e-02
  4.34199e-02  3.95627e-02  3.57947e-02  3.21198e-02  2.85416e-02  2.50636e-02
  2.16887e-02  1.84198e-02  1.52592e-02  1.22093e-02  9.27181e-03  6.44842e-03
  3.74043e-03  1.14892e-03 -1.32535e-03 -3.68185e-03 -5.92032e-03 -8.04075e-03
 -1.00434e-02 -1.19286e-02 -1.36973e-02 -1.53501e-02 -1.68884e-02 -1.83133e-02
 -1.96264e-02 -2.08295e-02 -2.19243e-02 -2.29129e-02 -2.37975e-02 -2.45805e-02
 -2.52641e-02 -2.58512e-02 -2.63443e-02 -2.67463e-02 -2.70600e-02 -2.72885e-02
 -2.74348e-02 -2.75020e-02 -2.74934e-02 -2.74121e-02 -2.72614e-02 -2.70446e-02
 -2.67651e-02 -2.64262e-02 -2.60311e-02 -2.55834e-02 -2.50862e-02 -2.45429e-02
 -2.39569e-02 -2.33312e-02 -2.26693e-02 -2.19742e-02 -2.12491e-02 -2.04971e-02
 -1.97212e-02 -1.89243e-02 -1.81093e-02 -1.72791e-02 -1.64364e-02 -1.55839e-02
 -1.47240e-02 -1.38594e-02 -1.29925e-02 -1.21254e-02 -1.12606e-02 -1.04000e-02
 -9.54574e-03 -8.69975e-03 -7.86384e-03 -7.03978e-03 -6.22918e-03 -5.43360e-03
 -4.65447e-03 -3.89314e-03 -3.15087e-03 -2.42879e-03 -1.72796e-03 -1.04934e-03
 -3.93799e-04  2.37894e-04  8.45055e-04  1.42709e-03  1.98349e-03  2.51383e-03
  3.01776e-03  3.49504e-03  3.94546e-03  4.36892e-03  4.76539e-03  5.13488e-03
  5.47751e-03  5.79343e-03  6.08286e-03  6.34609e-03  6.58345e-03  6.79532e-03
  6.98215e-03  7.14441e-03  7.28263e-03  7.39738e-03  7.48926e-03  7.55891e-03
  7.60699e-03  7.63421e-03  7.64128e-03  7.62896e-03  7.59800e-03  7.54919e-03
  7.48334e-03  7.40124e-03  7.30372e-03  7.19161e-03  7.06573e-03  6.92693e-03
  6.77605e-03  6.61390e-03  6.44133e-03  6.25917e-03  6.06822e-03  5.86929e-03
  5.66319e-03  5.45070e-03  5.23260e-03  5.00963e-03  4.78254e-03  4.55205e-03
  4.31886e-03  4.08366e-03  3.84712e-03  3.60986e-03  3.37250e-03  3.13566e-03
  2.89989e-03  2.66574e-03  2.43373e-03  2.20437e-03  1.97812e-03  1.75542e-03
  1.53671e-03  1.32238e-03  1.11278e-03  9.08277e-04  7.09174e-04  5.15768e-04
  3.28325e-04  1.47086e-04 -2.77306e-05 -1.95932e-04 -3.57349e-04 -5.11835e-04
 -6.59267e-04 -7.99544e-04 -9.32586e-04 -1.05834e-03 -1.17675e-03 -1.28782e-03
 -1.39154e-03 -1.48793e-03 -1.57702e-03 -1.65888e-03 -1.73356e-03 -1.80115e-03
 -1.86175e-03 -1.91548e-03 -1.96245e-03 -2.00281e-03 -2.03670e-03 -2.06429e-03
 -2.08573e-03 -2.10122e-03 -2.11093e-03 -2.11506e-03 -2.11380e-03 -2.10737e-03
 -2.09597e-03 -2.07982e-03 -2.05914e-03 -2.03414e-03 -2.00506e-03 -1.97212e-03
 -1.93554e-03 -1.89555e-03 -1.85238e-03 -1.80626e-03 -1.75741e-03 -1.70606e-03
 -1.65242e-03 -1.59671e-03 -1.53916e-03 -1.47997e-03 -1.41934e-03 -1.35750e-03
 -1.29463e-03 -1.23092e-03 -1.16657e-03 -1.10177e-03 -1.03668e-03 -9.71481e-04
 -9.06339e-04 -8.41410e-04 -7.76849e-04 -7.12801e-04 -6.49405e-04 -5.86795e-04
 -5.25094e-04 -4.64422e-04 -4.04890e-04 -3.46602e-04 -2.89656e-04 -2.34142e-04
 -1.80144e-04 -1.27738e-04 -7.69939e-05 -2.79746e-05  1.92635e-05  6.46706e-05
  1.08203e-04  1.49825e-04  1.89504e-04  2.27215e-04  2.62940e-04  2.96665e-04
  3.28382e-04  3.58088e-04  3.85785e-04  4.11480e-04  4.35186e-04  4.56919e-04
  4.76699e-04  4.94551e-04  5.10504e-04  5.24589e-04  5.36843e-04  5.47303e-04
  5.56013e-04  5.63015e-04  5.68359e-04  5.72091e-04  5.74266e-04  5.74935e-04
  5.74153e-04  5.71978e-04  5.68468e-04  5.63682e-04  5.57678e-04  5.50520e-04
  5.42267e-04  5.32981e-04  5.22725e-04  5.11561e-04  4.99550e-04  4.86754e-04
  4.73235e-04  4.59053e-04  4.44268e-04  4.28940e-04  4.13128e-04  3.96888e-04
  3.80278e-04  3.63352e-04  3.46164e-04  3.28766e-04  3.11211e-04  2.93546e-04
  2.75821e-04  2.58081e-04  2.40370e-04  2.22733e-04  2.05208e-04  1.87837e-04
  1.70655e-04  1.53699e-04  1.37002e-04  1.20595e-04  1.04509e-04  8.87702e-05
  7.34056e-05  5.84389e-05  4.38921e-05  2.97855e-05  1.61373e-05  2.96416e-06
 -9.71924e-06 -2.18999e-05 -3.35667e-05 -4.47100e-05 -5.53220e-05 -6.53965e-05
 -7.49287e-05 -8.39155e-05 -9.23552e-05 -1.00247e-04 -1.07593e-04 -1.14396e-04
 -1.20658e-04 -1.26384e-04 -1.31581e-04 -1.36256e-04 -1.40417e-04 -1.44073e-04
 -1.47234e-04 -1.49910e-04 -1.52114e-04 -1.53858e-04 -1.55155e-04 -1.56018e-04
 -1.56462e-04 -1.56501e-04 -1.56151e-04 -1.55427e-04 -1.54345e-04 -1.52922e-04
 -1.51173e-04 -1.49115e-04 -1.46766e-04 -1.44141e-04 -1.41258e-04 -1.38134e-04
 -1.34785e-04 -1.31229e-04 -1.27481e-04 -1.23559e-04 -1.19479e-04 -1.15256e-04
 -1.10907e-04 -1.06447e-04 -1.01892e-04 -9.72562e-05 -9.25541e-05 -8.78000e-05
 -8.30076e-05 -7.81904e-05 -7.33611e-05 -6.85321e-05 -6.37155e-05 -5.89228e-05
 -5.41648e-05 -4.94520e-05 -4.47945e-05 -4.02018e-05 -3.56826e-05 -3.12455e-05
 -2.68984e-05 -2.26487e-05 -1.85031e-05 -1.44681e-05 -1.05495e-05 -6.75251e-06
 -3.08210e-06  4.57478e-07  3.86237e-06  7.12923e-06  1.02552e-05  1.32377e-05
  1.60750e-05  1.87653e-05  2.13077e-05  2.37013e-05  2.59459e-05  2.80414e-05
  2.99884e-05  3.17877e-05  3.34402e-05  3.49475e-05  3.63114e-05  3.75338e-05
  3.86170e-05  3.95637e-05  4.03766e-05  4.10587e-05  4.16134e-05  4.20440e-05
  4.23541e-05  4.25476e-05  4.26283e-05  4.26003e-05  4.24678e-05  4.22351e-05
  4.19064e-05  4.14863e-05  4.09792e-05  4.03897e-05  3.97223e-05  3.89817e-05
  3.81724e-05  3.72990e-05  3.63661e-05  3.53783e-05  3.43401e-05  3.32560e-05
  3.21303e-05  3.09675e-05  2.97717e-05  2.85474e-05  2.72984e-05  2.60289e-05
  2.47428e-05  2.34439e-05  2.21360e-05  2.08225e-05  1.95069e-05  1.81926e-05
  1.68829e-05  1.55807e-05  1.42890e-05  1.30107e-05  1.17483e-05  1.05045e-05
  9.28150e-06  8.08168e-06  6.90710e-06  5.75972e-06  4.64135e-06  3.55368e-06
  2.49823e-06  1.47642e-06  4.89500e-07 -4.61397e-07 -1.37527e-06 -2.25126e-06
 -3.08862e-06 -3.88673e-06 -4.64509e-06 -5.36333e-06 -6.04117e-06 -6.67847e-06
 -7.27517e-06 -7.83133e-06 -8.34709e-06 -8.82270e-06 -9.25851e-06 -9.65492e-06
 -1.00125e-05 -1.03317e-05 -1.06133e-05 -1.08579e-05 -1.10664e-05 -1.12396e-05
 -1.13784e-05 -1.14838e-05 -1.15568e-05 -1.15983e-05 -1.16095e-05 -1.15916e-05
 -1.15456e-05 -1.14727e-05 -1.13741e-05 -1.12510e-05 -1.11048e-05 -1.09365e-05
 -1.07474e-05 -1.05389e-05 -1.03121e-05 -1.00683e-05 -9.80869e-06 -9.53462e-06
 -9.24725e-06 -8.94781e-06 -8.63749e-06 -8.31747e-06 -7.98891e-06 -7.65295e-06
 -7.31069e-06 -6.96323e-06 -6.61162e-06 -6.25690e-06 -5.90004e-06 -5.54203e-06
 -5.18380e-06 -4.82623e-06 -4.47019e-06 -4.11650e-06 -3.76596e-06 -3.41930e-06
 -3.07726e-06 -2.74049e-06 -2.40964e-06 -2.08529e-06 -1.76802e-06 -1.45833e-06
 -1.15672e-06 -8.63616e-07 -5.79433e-07 -3.04535e-07 -3.92550e-08  2.16114e-07
  4.61312e-07  6.96115e-07  9.20334e-07  1.13381e-06  1.33643e-06  1.52808e-06
  1.70872e-06  1.87831e-06  2.03684e-06  2.18435e-06  2.32087e-06  2.44649e-06
  2.56131e-06  2.66545e-06  2.75905e-06  2.84229e-06  2.91534e-06  2.97840e-06
  3.03171e-06  3.07549e-06  3.11000e-06  3.13549e-06  3.15226e-06  3.16057e-06
  3.16075e-06  3.15308e-06  3.13788e-06  3.11548e-06  3.08621e-06  3.05039e-06
  3.00836e-06  2.96047e-06  2.90704e-06  2.84842e-06  2.78496e-06  2.71698e-06
  2.64484e-06  2.56887e-06  2.48939e-06  2.40674e-06  2.32125e-06  2.23323e-06
  2.14300e-06  2.05085e-06  1.95711e-06  1.86204e-06  1.76596e-06  1.66911e-06
  1.57179e-06  1.47424e-06  1.37672e-06  1.27947e-06  1.18271e-06  1.08668e-06
  9.91571e-07  8.97597e-07  8.04943e-07  7.13790e-07  6.24306e-07  5.36652e-07
  4.50975e-07  3.67413e-07  2.86094e-07  2.07133e-07  1.30638e-07  5.67053e-08
 -1.45783e-08 -8.31362e-08 -1.48901e-07 -2.11816e-07 -2.71832e-07 -3.28910e-07
 -3.83020e-07 -4.34138e-07 -4.82252e-07 -5.27355e-07 -5.69449e-07 -6.08544e-07
 -6.44656e-07 -6.77807e-07 -7.08028e-07 -7.35353e-07 -7.59826e-07 -7.81491e-07
 -8.00403e-07 -8.16617e-07 -8.30195e-07 -8.41203e-07 -8.49712e-07 -8.55793e-07
 -8.59524e-07 -8.60983e-07 -8.60254e-07 -8.57420e-07 -8.52568e-07 -8.45786e-07
 -8.37164e-07 -8.26792e-07 -8.14763e-07 -8.01168e-07 -7.86100e-07 -7.69653e-07
 -7.51918e-07 -7.32989e-07 -7.12958e-07 -6.91915e-07 -6.69951e-07 -6.47156e-07
 -6.23617e-07 -5.99420e-07 -5.74651e-07 -5.49392e-07 -5.23724e-07 -4.97727e-07
 -4.71477e-07 -4.45049e-07 -4.18515e-07 -3.91945e-07 -3.65406e-07 -3.38963e-07
 -3.12677e-07 -2.86608e-07 -2.60812e-07 -2.35344e-07 -2.10253e-07 -1.85587e-07
 -1.61392e-07 -1.37710e-07 -1.14580e-07 -9.20392e-08 -7.01204e-08 -4.88549e-08
 -2.82706e-08 -8.39297e-09  1.07555e-08  2.91549e-08  4.67878e-08  6.36395e-08
  7.96976e-08  9.49523e-08  1.09396e-07  1.23024e-07  1.35833e-07  1.47821e-07
  1.58991e-07  1.69346e-07  1.78890e-07  1.87631e-07  1.95577e-07  2.02738e-07
  2.09127e-07  2.14756e-07  2.19640e-07  2.23797e-07  2.27241e-07  2.29992e-07
  2.32070e-07  2.33494e-07  2.34286e-07  2.34467e-07  2.34060e-07  2.33088e-07
  2.31575e-07  2.29546e-07  2.27024e-07  2.24034e-07  2.20603e-07  2.16753e-07
  2.12512e-07  2.07905e-07  2.02955e-07  1.97690e-07  1.92133e-07  1.86310e-07
  1.80244e-07  1.73961e-07  1.67484e-07  1.60836e-07  1.54040e-07  1.47119e-07
  1.40094e-07  1.32987e-07  1.25819e-07  1.18609e-07  1.11377e-07  1.04143e-07
  9.69226e-08  8.97348e-08  8.25958e-08  7.55215e-08  6.85269e-08  6.16263e-08
  5.48334e-08  4.81609e-08  4.16208e-08  3.52243e-08  2.89818e-08  2.29030e-08
  1.69968e-08  1.12713e-08  5.73393e-09  3.91254e-10 -4.75081e-09 -9.68710e-09
 -1.44131e-08 -1.89251e-08 -2.32200e-08 -2.72952e-08 -3.11491e-08 -3.47803e-08
 -3.81884e-08 -4.13732e-08 -4.43353e-08 -4.70757e-08 -4.95961e-08 -5.18985e-08
 -5.39854e-08 -5.58597e-08 -5.75249e-08 -5.89847e-08 -6.02432e-08 -6.13049e-08
 -6.21746e-08 -6.28574e-08 -6.33587e-08 -6.36840e-08 -6.38392e-08 -6.38303e-08
 -6.36636e-08 -6.33454e-08 -6.28822e-08 -6.22806e-08 -6.15473e-08 -6.06892e-08
 -5.97130e-08 -5.86257e-08 -5.74341e-08 -5.61451e-08 -5.47656e-08 -5.33024e-08
 -5.17623e-08 -5.01520e-08 -4.84782e-08 -4.67474e-08 -4.49660e-08 -4.31404e-08
 -4.12768e-08 -3.93811e-08 -3.74594e-08 -3.55174e-08 -3.35606e-08 -3.15944e-08
 -2.96241e-08 -2.76548e-08 -2.56912e-08 -2.37380e-08 -2.17997e-08 -1.98805e-08
 -1.79844e-08 -1.61153e-08 -1.42768e-08 -1.24722e-08 -1.07048e-08 -8.97762e-09
 -7.29332e-09 -5.65449e-09 -4.06348e-09 -2.52242e-09 -1.03326e-09  4.02274e-10
  1.78265e-09  3.10653e-09  4.37275e-09  5.58037e-09  6.72859e-09  7.81681e-09
  8.84460e-09  9.81169e-09  1.07180e-08  1.15635e-08  1.23485e-08  1.30732e-08
  1.37382e-08  1.43441e-08  1.48915e-08  1.53814e-08  1.58147e-08  1.61924e-08
  1.65158e-08  1.67860e-08  1.70044e-08  1.71725e-08  1.72916e-08  1.73634e-08
  1.73894e-08  1.73714e-08  1.73110e-08  1.72099e-08  1.70701e-08  1.68932e-08
  1.66811e-08  1.64356e-08  1.61587e-08  1.58522e-08  1.55179e-08  1.51578e-08
  1.47738e-08  1.43676e-08  1.39411e-08  1.34962e-08  1.30346e-08  1.25581e-08
  1.20684e-08  1.15674e-08  1.10565e-08  1.05376e-08  1.00120e-08  9.48156e-09
  8.94759e-09  8.41159e-09  7.87496e-09  7.33906e-09  6.80520e-09  6.27461e-09
  5.74848e-09  5.22796e-09  4.71413e-09  4.20799e-09  3.71052e-09  3.22263e-09
  2.74516e-09  2.27890e-09  1.82458e-09  1.38288e-09  9.54423e-10  5.39763e-10
  1.39411e-10 -2.46182e-10 -6.16616e-10 -9.71546e-10 -1.31068e-09 -1.63376e-09
 -1.94061e-09 -2.23107e-09 -2.50504e-09 -2.76247e-09 -3.00333e-09 -3.22767e-09
 -3.43554e-09 -3.62705e-09 -3.80235e-09 -3.96161e-09 -4.10504e-09 -4.23289e-09
 -4.34542e-09 -4.44294e-09 -4.52577e-09 -4.59425e-09 -4.64877e-09 -4.68970e-09
 -4.71747e-09 -4.73250e-09 -4.73523e-09 -4.72612e-09 -4.70565e-09 -4.67428e-09
 -4.63251e-09 -4.58084e-09 -4.51976e-09 -4.44979e-09 -4.37142e-09 -4.28518e-09
 -4.19157e-09 -4.09111e-09 -3.98430e-09 -3.87164e-09 -3.75364e-09 -3.63078e-09
 -3.50356e-09 -3.37246e-09 -3.23795e-09 -3.10049e-09 -2.96053e-09 -2.81851e-09
 -2.67487e-09 -2.53001e-09 -2.38435e-09 -2.23828e-09 -2.09217e-09 -1.94639e-09
 -1.80128e-09 -1.65719e-09 -1.51442e-09 -1.37329e-09 -1.23408e-09 -1.09706e-09
 -9.62493e-10 -8.30619e-10 -7.01661e-10 -5.75829e-10 -4.53319e-10 -3.34307e-10
 -2.18956e-10 -1.07416e-10  1.82864e-13  1.03721e-10  2.03096e-10  2.98218e-10
  3.89012e-10  4.75416e-10  5.57382e-10  6.34874e-10  7.07869e-10  7.76355e-10
  8.40333e-10  8.99814e-10  9.54821e-10  1.00539e-09  1.05155e-09  1.09337e-09
  1.13090e-09  1.16421e-09  1.19338e-09  1.21849e-09  1.23963e-09  1.25691e-09
  1.27041e-09  1.28026e-09  1.28656e-09  1.28944e-09  1.28901e-09  1.28541e-09
  1.27875e-09  1.26918e-09  1.25682e-09  1.24181e-09  1.22429e-09  1.20440e-09
  1.18228e-09  1.15805e-09  1.13188e-09  1.10388e-09  1.07421e-09  1.04299e-09
  1.01036e-09  9.76464e-10  9.41425e-10  9.05374e-10  8.68440e-10  8.30747e-10
  7.92417e-10  7.53569e-10  7.14320e-10  6.74781e-10  6.35061e-10  5.95266e-10
  5.55497e-10  5.15852e-10  4.76424e-10  4.37303e-10  3.98574e-10  3.60319e-10
  3.22614e-10  2.85532e-10  2.49141e-10  2.13506e-10  1.78686e-10  1.44737e-10
  1.11711e-10  7.96534e-11  4.86081e-11  1.86136e-11 -1.02953e-11 -3.80879e-11
 -6.47375e-11 -9.02212e-11 -1.14520e-10 -1.37618e-10 -1.59503e-10 -1.80168e-10
 -1.99606e-10 -2.17816e-10 -2.34799e-10 -2.50559e-10 -2.65104e-10 -2.78443e-10
 -2.90589e-10 -3.01556e-10 -3.11362e-10 -3.20026e-10 -3.27570e-10 -3.34018e-10
 -3.39395e-10 -3.43727e-10 -3.47044e-10 -3.49376e-10 -3.50754e-10 -3.51211e-10
 -3.50780e-10 -3.49496e-10 -3.47394e-10 -3.44511e-10 -3.40882e-10 -3.36545e-10
 -3.31538e-10 -3.25899e-10 -3.19664e-10 -3.12872e-10 -3.05561e-10 -2.97769e-10
 -2.89532e-10 -2.80889e-10 -2.71876e-10 -2.62529e-10 -2.52884e-10 -2.42976e-10
 -2.32839e-10 -2.22509e-10 -2.12016e-10 -2.01394e-10 -1.90673e-10 -1.79885e-10
 -1.69057e-10 -1.58219e-10 -1.47398e-10 -1.36620e-10 -1.25910e-10 -1.15292e-10
 -1.04789e-10 -9.44222e-11 -8.42128e-11 -7.41798e-11 -6.43414e-11 -5.47149e-11
 -4.53159e-11 -3.61592e-11 -2.72584e-11 -1.86259e-11 -1.02729e-11 -2.20963e-12
  5.55491e-12  1.30127e-11  2.01569e-11  2.69816e-11  3.34819e-11  3.96539e-11
  4.54949e-11  5.10026e-11  5.61762e-11  6.10153e-11  6.55207e-11  6.96936e-11
  7.35364e-11  7.70519e-11  8.02439e-11  8.31165e-11  8.56747e-11  8.79241e-11
  8.98707e-11  9.15211e-11  9.28824e-11  9.39621e-11  9.47682e-11  9.53091e-11
  9.55933e-11  9.56298e-11  9.54280e-11  9.49973e-11  9.43474e-11  9.34882e-11
  9.24296e-11  9.11820e-11  8.97554e-11  8.81602e-11  8.64067e-11  8.45052e-11
  8.24660e-11  8.02994e-11  7.80154e-11  7.56243e-11  7.31360e-11  7.05603e-11
  6.79069e-11  6.51854e-11  6.24049e-11  5.95747e-11  5.67036e-11  5.38003e-11
  5.08732e-11  4.79305e-11  4.49800e-11  4.20293e-11  3.90858e-11  3.61565e-11
  3.32481e-11  3.03670e-11  2.75194e-11  2.47110e-11  2.19473e-11  1.92335e-11
  1.65744e-11  1.39746e-11  1.14382e-11  8.96920e-12  6.57111e-12  4.24720e-12
  2.00045e-12 -1.66482e-13 -2.25125e-12 -4.25178e-12 -6.16629e-12 -7.99328e-12
 -9.73153e-12 -1.13801e-11 -1.29382e-11 -1.44055e-11 -1.57817e-11 -1.70669e-11
 -1.82613e-11 -1.93654e-11 -2.03798e-11 -2.13054e-11 -2.21433e-11 -2.28948e-11
 -2.35611e-11 -2.41439e-11 -2.46448e-11 -2.50658e-11 -2.54087e-11 -2.56758e-11
 -2.58691e-11 -2.59911e-11 -2.60440e-11 -2.60304e-11 -2.59527e-11 -2.58137e-11
 -2.56159e-11 -2.53622e-11 -2.50551e-11 -2.46975e-11 -2.42922e-11 -2.38420e-11
 -2.33497e-11 -2.28181e-11 -2.22500e-11 -2.16481e-11 -2.10154e-11 -2.03544e-11
 -1.96679e-11 -1.89586e-11 -1.82290e-11 -1.74818e-11 -1.67195e-11 -1.59445e-11
 -1.51592e-11 -1.43659e-11 -1.35670e-11 -1.27646e-11 -1.19609e-11 -1.11578e-11
 -1.03574e-11 -9.56147e-12 -8.77190e-12 -7.99039e-12 -7.21855e-12 -6.45795e-12
 -5.71004e-12 -4.97619e-12 -4.25770e-12 -3.55577e-12 -2.87151e-12 -2.20595e-12
 -1.56003e-12 -9.34613e-13 -3.30480e-13  2.51679e-13  8.11249e-13  1.34770e-12
  1.86056e-12  2.34947e-12  2.81410e-12  3.25423e-12  3.66969e-12  4.06038e-12
  4.42626e-12  4.76737e-12  5.08380e-12  5.37568e-12  5.64323e-12  5.88670e-12
  6.10639e-12  6.30266e-12  6.47591e-12  6.62656e-12  6.75511e-12  6.86207e-12
  6.94798e-12  7.01344e-12  7.05904e-12  7.08542e-12  7.09325e-12  7.08320e-12
  7.05598e-12  7.01230e-12  6.95288e-12  6.87848e-12  6.78983e-12  6.68770e-12
  6.57285e-12  6.44604e-12  6.30804e-12  6.15961e-12  6.00152e-12  5.83452e-12
  5.65936e-12  5.47678e-12  5.28751e-12  5.09228e-12  4.89180e-12  4.68676e-12
  4.47783e-12  4.26570e-12  4.05099e-12  3.83435e-12  3.61637e-12  3.39766e-12
  3.17878e-12  2.96027e-12  2.74268e-12  2.52650e-12  2.31221e-12  2.10028e-12
  1.89114e-12  1.68520e-12  1.48285e-12  1.28447e-12  1.09039e-12  9.00922e-13
  7.16375e-13  5.37015e-13  3.63092e-13  1.94831e-13  3.24350e-14 -1.23914e-13
 -2.74056e-13 -4.17854e-13 -5.55192e-13 -6.85971e-13 -8.10116e-13 -9.27569e-13
 -1.03829e-12 -1.14226e-12 -1.23948e-12 -1.32996e-12 -1.41373e-12 -1.49083e-12
 -1.56133e-12 -1.62530e-12 -1.68283e-12 -1.73401e-12 -1.77897e-12 -1.81782e-12
 -1.85070e-12 -1.87776e-12 -1.89914e-12 -1.91500e-12 -1.92552e-12 -1.93087e-12
 -1.93124e-12 -1.92680e-12 -1.91776e-12 -1.90430e-12 -1.88663e-12 -1.86496e-12
 -1.83948e-12 -1.81040e-12 -1.77793e-12 -1.74228e-12 -1.70366e-12 -1.66227e-12
 -1.61832e-12 -1.57202e-12 -1.52357e-12 -1.47318e-12 -1.42103e-12 -1.36733e-12
 -1.31227e-12 -1.25603e-12 -1.19881e-12 -1.14077e-12 -1.08209e-12 -1.02294e-12
 -9.63496e-13 -9.03903e-13 -8.44318e-13 -7.84889e-13 -7.25757e-13 -6.67057e-13
 -6.08920e-13 -5.51467e-13 -4.94815e-13 -4.39074e-13 -3.84349e-13 -3.30736e-13
 -2.78326e-13 -2.27204e-13 -1.77448e-13 -1.29130e-13 -8.23149e-14 -3.70624e-14
  6.57425e-15  4.85480e-14  8.88176e-14  1.27347e-13  1.64108e-13  1.99074e-13
  2.32228e-13  2.63555e-13  2.93046e-13  3.20699e-13  3.46513e-13  3.70494e-13
  3.92652e-13  4.13001e-13  4.31558e-13  4.48346e-13  4.63388e-13  4.76715e-13
  4.88358e-13  4.98350e-13  5.06731e-13  5.13540e-13  5.18818e-13  5.22612e-13
  5.24968e-13  5.25934e-13  5.25560e-13  5.23898e-13  5.21000e-13  5.16920e-13
  5.11714e-13  5.05436e-13  4.98142e-13  4.89889e-13  4.80734e-13  4.70733e-13
  4.59944e-13  4.48421e-13  4.36223e-13  4.23404e-13  4.10020e-13  3.96125e-13
  3.81774e-13  3.67018e-13  3.51910e-13  3.36500e-13  3.20839e-13  3.04973e-13
  2.88952e-13  2.72819e-13  2.56620e-13  2.40396e-13  2.24190e-13  2.08040e-13
  1.91985e-13  1.76060e-13  1.60301e-13  1.44740e-13  1.29408e-13  1.14335e-13
  9.95477e-14  8.50727e-14  7.09338e-14  5.71535e-14  4.37522e-14  3.07491e-14
  1.81611e-14  6.00390e-15 -5.70869e-15 -1.69644e-14 -2.77527e-14 -3.80643e-14
 -4.78919e-14 -5.72293e-14 -6.60718e-14 -7.44164e-14 -8.22611e-14 -8.96054e-14
 -9.64500e-14 -1.02797e-13 -1.08649e-13 -1.14011e-13 -1.18887e-13 -1.23285e-13
 -1.27211e-13 -1.30674e-13 -1.33682e-13 -1.36245e-13 -1.38374e-13 -1.40079e-13
 -1.41374e-13 -1.42269e-13 -1.42779e-13 -1.42916e-13 -1.42694e-13 -1.42128e-13
 -1.41231e-13 -1.40019e-13 -1.38507e-13 -1.36709e-13 -1.34642e-13 -1.32320e-13
 -1.29759e-13 -1.26975e-13 -1.23983e-13 -1.20797e-13 -1.17435e-13 -1.13909e-13
 -1.10237e-13 -1.06432e-13 -1.02508e-13 -9.84814e-14 -9.43644e-14 -9.01712e-14
 -8.59152e-14 -8.16094e-14 -7.72664e-14 -7.28985e-14 -6.85174e-14 -6.41346e-14
 -5.97612e-14 -5.54075e-14 -5.10838e-14 -4.67996e-14 -4.25642e-14 -3.83862e-14
 -3.42738e-14 -3.02347e-14 -2.62763e-14 -2.24052e-14 -1.86279e-14 -1.49500e-14
 -1.13769e-14 -7.91354e-15 -4.56427e-15 -1.33304e-15  1.77666e-15  4.76178e-15
  7.61971e-15  1.03482e-14  1.29456e-14  1.54105e-14  1.77418e-14  1.99390e-14
  2.20019e-14  2.39305e-14  2.57253e-14  2.73872e-14  2.89172e-14  3.03167e-14
  3.15873e-14  3.27311e-14  3.37502e-14  3.46471e-14  3.54244e-14  3.60850e-14
  3.66319e-14  3.70685e-14  3.73980e-14  3.76240e-14  3.77502e-14  3.77805e-14
  3.77186e-14  3.75686e-14  3.73346e-14  3.70207e-14  3.66310e-14  3.61699e-14
  3.56414e-14  3.50500e-14  3.43997e-14  3.36950e-14  3.29399e-14  3.21387e-14
  3.12956e-14  3.04146e-14  2.94997e-14  2.85550e-14  2.75843e-14  2.65914e-14
  2.55801e-14  2.45539e-14  2.35163e-14  2.24708e-14  2.14207e-14  2.03690e-14
  1.93188e-14  1.82731e-14  1.72346e-14  1.62060e-14  1.51896e-14  1.41880e-14
  1.32034e-14  1.22377e-14  1.12929e-14  1.03709e-14  9.47332e-15  8.60157e-15
  7.75707e-15  6.94102e-15  6.15453e-15  5.39851e-15  4.67380e-15  3.98104e-15
  3.32080e-15  2.69349e-15  2.09939e-15  1.53868e-15  1.01141e-15  5.17534e-16
  5.68707e-17 -3.70846e-16 -7.65987e-16 -1.12902e-15 -1.46050e-15 -1.76106e-15
 -2.03144e-15 -2.27242e-15 -2.48487e-15 -2.66972e-15 -2.82795e-15 -2.96061e-15
 -3.06878e-15 -3.15360e-15 -3.21623e-15 -3.25787e-15 -3.27973e-15 -3.28307e-15
 -3.26914e-15 -3.23921e-15 -3.19454e-15 -3.13640e-15 -3.06607e-15 -2.98478e-15
 -2.89377e-15 -2.79426e-15 -2.68744e-15 -2.57447e-15 -2.45647e-15 -2.33453e-15
 -2.20970e-15 -2.08298e-15 -1.95532e-15 -1.82763e-15 -1.70075e-15 -1.57548e-15
 -1.45256e-15 -1.33264e-15 -1.21634e-15 -1.10422e-15 -9.96740e-16 -8.94327e-16
 -7.97329e-16 -7.06030e-16 -6.20647e-16 -5.41334e-16 -4.68183e-16 -4.01220e-16
 -3.40414e-16 -2.85675e-16 -2.36859e-16 -1.93770e-16 -1.56164e-16 -1.23753e-16
 -9.62107e-17 -7.31772e-17 -5.42638e-17 -3.90598e-17 -2.71395e-17 -1.80687e-17
 -1.14133e-17 -6.74685e-18 -3.65985e-18 -1.76915e-18 -7.27924e-19 -2.36353e-19
 -5.28544e-20 -5.96391e-21
