stf
 301 0.10 0 0.0 0.0 0.0 0.0
0.000000 0.000000 0.000000 0.000000 0.000000 0.000000
0.000000 0.000000 0.000000 0.000000 0.000000 0.000000
0.000000 0.000000 0.000000 0.000000 0.000000 0.000000
0.000000 0.000000 0.000000 0.000000 0.000000 0.000000
0.000000 0.000000 0.000000 0.000000 0.000000 0.000000
0.000000 0.000000 0.000000 0.000000 0.000000 0.000000
0.000000 0.000000 0.000000 0.000000 0.000001 0.000001
0.000002 0.000003 0.000004 0.000007 0.000010 0.000015
0.000023 0.000035 0.000052 0.000076 0.000112 0.000163
0.000236 0.000337 0.000479 0.000676 0.000945 0.001312
0.001806 0.002467 0.003344 0.004496 0.005998 0.007938
0.010423 0.013579 0.017552 0.022508 0.028637 0.036148
0.045270 0.056248 0.069339 0.084805 0.102904 0.123884
0.147969 0.175345 0.206153 0.240467 0.278287 0.319523
0.363983 0.411369 0.461268 0.513151 0.566380 0.620215
0.673825 0.726312 0.776730 0.824116 0.867515 0.906018
0.938788 0.965093 0.984333 0.996060 1.000000 0.996060
0.984333 0.965093 0.938788 0.906018 0.867515 0.824116
0.776730 0.726312 0.673825 0.620215 0.566380 0.513151
0.461268 0.411369 0.363983 0.319523 0.278287 0.240467
0.206153 0.175345 0.147969 0.123884 0.102904 0.084805
0.069339 0.056248 0.045270 0.036148 0.028637 0.022508
0.017552 0.013579 0.010423 0.007938 0.005998 0.004496
0.003344 0.002467 0.001806 0.001312 0.000945 0.000676
0.000479 0.000337 0.000236 0.000163 0.000112 0.000076
0.000052 0.000035 0.000023 0.000015 0.000010 0.000007
0.000004 0.000003 0.000002 0.000001 0.000001 0.000000
0.000000 0.000000 0.000000 0.000000 0.000000 0.000000
0.000000 0.000000 0.000000 0.000000 0.000000 0.000000
0.000000 0.000000 0.000000 0.000000 0.000000 0.000000
0.000000 0.000000 0.000000 0.000000 0.000000 0.000000
0.000000 0.000000 0.000000 0.000000 0.000000 0.000000
0.000000 0.000000 0.000000 0.000000 0.000000 0.000000
0.000000 0.000000 0.000000 0.000000 0.000000 0.000000
0.000000 0.000000 0.000000 0.000000 0.000000 0.000000
0.000000 0.000000 0.000000 0.000000 0.000000 0.000000
0.000000 0.000000 0.000000 0.000000 0.000000 0.000000
0.000000 0.000000 0.000000 0.000000 0.000000 0.000000
0.000000 0.000000 0.000000 0.000000 0.000000 0.000000
0.000000 0.000000 0.000000 0.000000 0.000000 0.000000
0.000000 0.000000 0.000000 0.000000 0.000000 0.000000
0.000000 0.000000 0.000000 0.000000 0.000000 0.000000
0.000000 0.000000 0.000000 0.000000 0.000000 0.000000
0.000000 0.000000 0.000000 0.000000 0.000000 0.000000
0.000000 0.000000 0.000000 0.000000 0.000000 0.000000
0.000000 0.000000 0.000000 0.000000 0.000000 0.000000
0.000000 0.000000 0.000000 0.000000 0.000000 0.000000
0.000000 0.000000 0.000000 0.000000 0.000000 0.000000
0.000000 0.000000 0.000000 0.000000 0.000000 0.000000
0.000000 0.000000 0.000000 0.000000 0.000000 0.000000
0.000000
