stf 
405 0.08000 0 0 0.0 0.0 0.0 0.0
-0.000000 -0.000000 -0.000000 -0.000000 -0.000000 -0.000000
-0.000000 -0.000000 -0.000000 -0.000000 -0.000000 -0.000000
-0.000000 -0.000000 -0.000000 -0.000000 -0.000000 -0.000000
-0.000000 -0.000000 -0.000000 -0.000000 -0.000000 -0.000000
-0.000000 -0.000000 -0.000000 -0.000000 -0.000000 -0.000000
-0.000000 -0.000000 -0.000000 -0.000000 -0.000000 -0.000000
-0.000000 -0.000000 -0.000000 -0.000000 -0.000000 -0.000000
-0.000000 -0.000000 -0.000000 -0.000000 -0.000000 -0.000000
-0.000000 -0.000000 -0.000000 -0.000000 -0.000000 -0.000000
-0.000000 -0.000000 -0.000000 -0.000000 -0.000000 -0.000000
-0.000000 -0.000000 -0.000000 -0.000000 -0.000000 -0.000000
-0.000000 -0.000000 -0.000000 -0.000000 -0.000000 -0.000000
-0.000000 -0.000000 -0.000000 -0.000000 -0.000000 -0.000000
-0.000000 -0.000000 -0.000000 -0.000000 -0.000000 -0.000000
-0.000000 -0.000000 -0.000000 -0.000000 -0.000000 -0.000000
-0.000000 -0.000000 -0.000000 -0.000000 -0.000000 -0.000000
-0.000000 -0.000000 -0.000000 -0.000000 -0.000000 -0.000000
-0.000000 -0.000000 -0.000000 -0.000000 -0.000000 -0.000000
-0.000000 -0.000000 -0.000000 -0.000000 -0.000000 -0.000000
-0.000000 -0.000000 -0.000000 -0.000000 -0.000000 -0.000000
-0.000000 -0.000000 -0.000000 -0.000000 -0.000000 -0.000000
-0.000000 -0.000000 -0.000000 -0.000000 -0.000000 -0.000000
-0.000000 -0.000000 -0.000000 -0.000000 -0.000000 -0.000000
-0.000000 -0.000000 -0.000000 -0.000000 -0.000000 -0.000000
-0.000000 -0.000000 -0.000000 -0.000000 -0.000000 -0.000000
-0.000000 -0.000000 -0.000000 -0.000000 -0.000000 -0.000000
-0.000000 -0.000000 -0.000000 -0.000000 -0.000000 -0.000000
-0.000000 -0.000001 -0.000001 -0.000001 -0.000001 -0.000001
-0.000002 -0.000002 -0.000003 -0.000004 -0.000005 -0.000006
-0.000008 -0.000009 -0.000012 -0.000015 -0.000018 -0.000023
-0.000028 -0.000035 -0.000044 -0.000054 -0.000066 -0.000081
-0.000100 -0.000122 -0.000149 -0.000181 -0.000220 -0.000267
-0.000323 -0.000390 -0.000470 -0.000565 -0.000678 -0.000812
-0.000969 -0.001155 -0.001373 -0.001629 -0.001928 -0.002277
-0.002683 -0.003154 -0.003700 -0.004330 -0.005057 -0.005891
-0.006848 -0.007943 -0.009191 -0.010610 -0.012221 -0.014043
-0.016100 -0.018414 -0.021011 -0.023918 -0.027162 -0.030773
-0.034779 -0.039211 -0.044101 -0.049478 -0.055374 -0.061818
-0.068839 -0.076463 -0.084715 -0.093615 -0.103182 -0.113427
-0.124359 -0.135978 -0.148278 -0.161247 -0.174860 -0.189087
-0.203884 -0.219198 -0.234962 -0.251098 -0.267515 -0.284108
-0.300759 -0.317335 -0.333691 -0.349668 -0.365095 -0.379789
-0.393557 -0.406196 -0.417495 -0.427238 -0.435206 -0.441178
-0.444935 -0.446260 -0.444947 -0.440797 -0.433628 -0.423271
-0.409581 -0.392434 -0.371734 -0.347414 -0.319440 -0.287812
-0.252569 -0.213787 -0.171583 -0.126115 -0.077582 -0.026225
0.027675 0.083800 0.141794 0.201267 0.261799 0.322943
0.384230 0.445174 0.505275 0.564029 0.620929 0.675475
0.727177 0.775565 0.820190 0.860634 0.896513 0.927483
0.953245 0.973549 0.988195 0.997042 1.000000 0.997042
0.988195 0.973549 0.953245 0.927483 0.896513 0.860634
0.820190 0.775565 0.727177 0.675475 0.620929 0.564029
0.505275 0.445174 0.384230 0.322943 0.261799 0.201267
0.141794 0.083800 0.027675 -0.026225 -0.077582 -0.126115
-0.171583 -0.213787 -0.252569 -0.287812 -0.319440 -0.347414
-0.371734 -0.392434 -0.409581 -0.423271 -0.433628 -0.440797
-0.444947 -0.446260 -0.444935 -0.441178 -0.435206 -0.427238
-0.417495 -0.406196 -0.393557 -0.379789 -0.365095 -0.349668
-0.333691 -0.317335 -0.300759 -0.284108 -0.267515 -0.251098
-0.234962 -0.219198 -0.203884 -0.189087 -0.174860 -0.161247
-0.148278 -0.135978 -0.124359 -0.113427 -0.103182 -0.093615
-0.084715 -0.076463 -0.068839 -0.061818 -0.055374 -0.049478
-0.044101 -0.039211 -0.034779 -0.030773 -0.027162 -0.023918
-0.021011 -0.018414 -0.016100 -0.014043 -0.012221 -0.010610
-0.009191 -0.007943 -0.006848 -0.005891 -0.005057 -0.004330
-0.003700 -0.003154 -0.002683 -0.002277 -0.001928 -0.001629
-0.001373 -0.001155 -0.000969 -0.000812 -0.000678 -0.000565
-0.000470 -0.000390 -0.000323 -0.000267 -0.000220 -0.000181
-0.000149 -0.000122 -0.000100 -0.000081 -0.000066 -0.000054
-0.000044 -0.000035 -0.000028 -0.000023 -0.000018 -0.000015
-0.000012 -0.000009 -0.000008 -0.000006 -0.000005 -0.000004
-0.000003 -0.000002 -0.000002 -0.000001 -0.000001 -0.000001
-0.000001 -0.000001 -0.000000 -0.000000 -0.000000 -0.000000
-0.000000 -0.000000 -0.000000 -0.000000 -0.000000 -0.000000
-0.000000 -0.000000 -0.000000 -0.000000 -0.000000 -0.000000
-0.000000 -0.000000 -0.000000 -0.000000 -0.000000 -0.000000
-0.000000 -0.000000 -0.000000 -0.000000 -0.000000 -0.000000
-0.000000 -0.000000 -0.000000 -0.000000 -0.000000 -0.000000
-0.000000 -0.000000 -0.000000 -0.000000 -0.000000 -0.000000
-0.000000 -0.000000 -0.000000 -0.000000 -0.000000 -0.000000
-0.000000 -0.000000 -0.000000 -0.000000 -0.000000 -0.000000


