my_ricker  txt 
2000  8.00000e-02 0 0  0.00000e+00  0.00000e+00  0.00000e+00  0.00000e+00
 -9.69252e-04  -1.11530e-03  -1.28154e-03  -1.47047e-03  -1.68485e-03  -1.92775e-03
 -2.20251e-03  -2.51284e-03  -2.86279e-03  -3.25679e-03  -3.69968e-03  -4.19673e-03
 -4.75366e-03  -5.37669e-03  -6.07253e-03  -6.84841e-03  -7.71212e-03  -8.67200e-03
 -9.73700e-03  -1.09166e-02  -1.22210e-02  -1.36609e-02  -1.52476e-02  -1.69932e-02
 -1.89100e-02  -2.10113e-02  -2.33107e-02  -2.58224e-02  -2.85609e-02  -3.15412e-02
 -3.47788e-02  -3.82892e-02  -4.20882e-02  -4.61916e-02  -5.06151e-02  -5.53743e-02
 -6.04843e-02  -6.59599e-02  -7.18150e-02  -7.80627e-02  -8.47150e-02  -9.17825e-02
 -9.92744e-02  -1.07198e-01  -1.15558e-01  -1.24359e-01  -1.33599e-01  -1.43277e-01
 -1.53387e-01  -1.63919e-01  -1.74860e-01  -1.86195e-01  -1.97900e-01  -2.09951e-01
 -2.22317e-01  -2.34962e-01  -2.47845e-01  -2.60921e-01  -2.74137e-01  -2.87438e-01
 -3.00759e-01  -3.14032e-01  -3.27185e-01  -3.40136e-01  -3.52803e-01  -3.65095e-01
 -3.76918e-01  -3.88174e-01  -3.98760e-01  -4.08570e-01  -4.17495e-01  -4.25425e-01
 -4.32246e-01  -4.37847e-01  -4.42114e-01  -4.44935e-01  -4.46199e-01  -4.45802e-01
 -4.43638e-01  -4.39611e-01  -4.33628e-01  -4.25605e-01  -4.15466e-01  -4.03143e-01
 -3.88581e-01  -3.71734e-01  -3.52570e-01  -3.31069e-01  -3.07226e-01  -2.81051e-01
 -2.52569e-01  -2.21821e-01  -1.88866e-01  -1.53777e-01  -1.16646e-01  -7.75819e-02
 -3.67095e-02   5.82956e-03   4.98776e-02   9.52617e-02   1.41794e-01   1.89274e-01
  2.37487e-01   2.86209e-01   3.35204e-01   3.84230e-01   4.33036e-01   4.81368e-01
  5.28966e-01   5.75573e-01   6.20929e-01   6.64777e-01   7.06868e-01   7.46956e-01
  7.84805e-01   8.20190e-01   8.52899e-01   8.82732e-01   9.09507e-01   9.33060e-01
  9.53245e-01   9.69935e-01   9.83026e-01   9.92436e-01   9.98106e-01   1.00000e+00
  9.98106e-01   9.92436e-01   9.83026e-01   9.69935e-01   9.53245e-01   9.33060e-01
  9.09507e-01   8.82732e-01   8.52899e-01   8.20190e-01   7.84805e-01   7.46956e-01
  7.06868e-01   6.64777e-01   6.20929e-01   5.75573e-01   5.28966e-01   4.81368e-01
  4.33036e-01   3.84230e-01   3.35204e-01   2.86209e-01   2.37487e-01   1.89274e-01
  1.41794e-01   9.52617e-02   4.98776e-02   5.82956e-03  -3.67095e-02  -7.75819e-02
 -1.16646e-01  -1.53777e-01  -1.88866e-01  -2.21821e-01  -2.52569e-01  -2.81051e-01
 -3.07226e-01  -3.31069e-01  -3.52570e-01  -3.71734e-01  -3.88581e-01  -4.03143e-01
 -4.15466e-01  -4.25605e-01  -4.33628e-01  -4.39611e-01  -4.43638e-01  -4.45802e-01
 -4.46199e-01  -4.44935e-01  -4.42114e-01  -4.37847e-01  -4.32246e-01  -4.25425e-01
 -4.17495e-01  -4.08570e-01  -3.98760e-01  -3.88174e-01  -3.76918e-01  -3.65095e-01
 -3.52803e-01  -3.40136e-01  -3.27185e-01  -3.14032e-01  -3.00759e-01  -2.87438e-01
 -2.74137e-01  -2.60921e-01  -2.47845e-01  -2.34962e-01  -2.22317e-01  -2.09951e-01
 -1.97900e-01  -1.86195e-01  -1.74860e-01  -1.63919e-01  -1.53387e-01  -1.43277e-01
 -1.33599e-01  -1.24359e-01  -1.15558e-01  -1.07198e-01  -9.92744e-02  -9.17825e-02
 -8.47150e-02  -7.80627e-02  -7.18150e-02  -6.59599e-02  -6.04843e-02  -5.53743e-02
 -5.06151e-02  -4.61916e-02  -4.20882e-02  -3.82892e-02  -3.47788e-02  -3.15412e-02
 -2.85609e-02  -2.58224e-02  -2.33107e-02  -2.10113e-02  -1.89100e-02  -1.69932e-02
 -1.52476e-02  -1.36609e-02  -1.22210e-02  -1.09166e-02  -9.73700e-03  -8.67200e-03
 -7.71212e-03  -6.84841e-03  -6.07253e-03  -5.37669e-03  -4.75366e-03  -4.19673e-03
 -3.69968e-03  -3.25679e-03  -2.86279e-03  -2.51284e-03  -2.20251e-03  -1.92775e-03
 -1.68485e-03  -1.47047e-03  -1.28154e-03  -1.11530e-03  -9.69252e-04  -8.41140e-04
 -7.28934e-04  -6.30807e-04  -5.45124e-04  -4.70419e-04  -4.05384e-04  -3.48852e-04
 -2.99785e-04  -2.57261e-04  -2.20463e-04  -1.88665e-04  -1.61231e-04  -1.37595e-04
 -1.17261e-04  -9.97951e-05  -8.48134e-05  -7.19816e-05  -6.10073e-05  -5.16352e-05
 -4.36429e-05  -3.68373e-05  -3.10503e-05  -2.61368e-05  -2.19707e-05  -1.84436e-05
 -1.54616e-05  -1.29441e-05  -1.08218e-05  -9.03518e-06  -7.53330e-06  -6.27257e-06
 -5.21576e-06  -4.33114e-06  -3.59170e-06  -2.97448e-06  -2.46001e-06  -2.03178e-06
 -1.67583e-06  -1.38039e-06  -1.13550e-06  -9.32807e-07  -7.65265e-07  -6.26974e-07
 -5.12985e-07  -4.19159e-07  -3.42035e-07  -2.78729e-07  -2.26837e-07  -1.84359e-07
 -1.49636e-07  -1.21291e-07  -9.81841e-08  -7.93735e-08  -6.40814e-08  -5.16667e-08
 -4.16017e-08  -3.34530e-08  -2.68647e-08  -2.15453e-08  -1.72563e-08  -1.38027e-08
 -1.10258e-08  -8.79581e-09  -7.00759e-09  -5.57554e-09  -4.43027e-09  -3.51560e-09
 -2.78609e-09  -2.20505e-09  -1.74288e-09  -1.37576e-09  -1.08454e-09  -8.53843e-10
 -6.71331e-10  -5.27137e-10  -4.13370e-10  -3.23730e-10  -2.53195e-10  -1.97768e-10
 -1.54272e-10  -1.20184e-10  -9.35055e-11  -7.26536e-11  -5.63777e-11  -4.36905e-11
 -3.38141e-11  -2.61361e-11  -2.01750e-11  -1.55531e-11  -1.19743e-11  -9.20701e-12
 -7.06996e-12  -5.42185e-12  -4.15250e-12  -3.17618e-12  -2.42623e-12  -1.85094e-12
 -1.41022e-12  -1.07303e-12  -8.15400e-13  -6.18819e-13  -4.69018e-13  -3.55017e-13
 -2.68375e-13  -2.02615e-13  -1.52768e-13  -1.15035e-13  -8.65086e-14  -6.49717e-14
 -4.87332e-14  -3.65056e-14  -2.73105e-14  -2.04049e-14  -1.52256e-14  -1.13462e-14
 -8.44430e-15  -6.27641e-15  -4.65902e-15  -3.45394e-15  -2.55723e-15  -1.89087e-15
 -1.39634e-15  -1.02981e-15  -7.58502e-16  -5.57950e-16  -4.09893e-16  -3.00734e-16
 -2.20360e-16  -1.61257e-16  -1.17854e-16  -8.60211e-17  -6.27053e-17  -4.56501e-17
 -3.31907e-17  -2.41007e-17  -1.74775e-17  -1.26581e-17  -9.15579e-18  -6.61396e-18
 -4.77162e-18  -3.43802e-18  -2.47394e-18  -1.77791e-18  -1.27605e-18  -9.14673e-19
 -6.54791e-19  -4.68143e-19  -3.34267e-19  -2.38368e-19  -1.69763e-19  -1.20747e-19
 -8.57726e-20  -6.08501e-20  -4.31135e-20  -3.05074e-20  -2.15595e-20  -1.52163e-20
 -1.07256e-20  -7.55049e-21  -5.30845e-21  -3.72736e-21  -2.61381e-21  -1.83058e-21
 -1.28039e-21  -8.94413e-22  -6.23985e-22  -4.34761e-22  -3.02530e-22  -2.10246e-22
 -1.45924e-22  -1.01150e-22  -7.00244e-23  -4.84142e-23  -3.34300e-23  -2.30538e-23
 -1.58778e-23  -1.09214e-23  -7.50255e-24  -5.14732e-24  -3.52691e-24  -2.41352e-24
 -1.64948e-24  -1.12587e-24  -7.67481e-25  -5.22506e-25  -3.55268e-25  -2.41248e-25
 -1.63611e-25  -1.10817e-25  -7.49617e-26  -5.06426e-26  -3.41692e-26  -2.30248e-26
 -1.54953e-26  -1.04147e-26  -6.99096e-27  -4.68672e-27  -3.13793e-27  -2.09827e-27
 -1.40127e-27  -9.34599e-28  -6.22547e-28  -4.14154e-28  -2.75166e-28  -1.82587e-28
 -1.21001e-28  -8.00850e-29  -5.29367e-29  -3.49467e-29  -2.30408e-29  -1.51717e-29
 -9.97731e-30  -6.55294e-30  -4.29836e-30  -2.81587e-30  -1.84233e-30  -1.20383e-30
 -7.85606e-31  -5.12024e-31  -3.33287e-31  -2.16666e-31  -1.40672e-31  -9.12156e-32
 -5.90710e-32  -3.82052e-32  -2.46783e-32  -1.59204e-32  -1.02573e-32  -6.60024e-33
 -4.24160e-33  -2.72235e-33  -1.74503e-33  -1.11714e-33  -7.14255e-34  -4.56084e-34
 -2.90858e-34  -1.85252e-34  -1.17839e-34  -7.48615e-35  -4.74978e-35  -3.00977e-35
 -1.90475e-35  -1.20389e-35  -7.59942e-36  -4.79093e-36  -3.01650e-36  -1.89685e-36
 -1.19126e-36  -7.47179e-37  -4.68046e-37  -2.92817e-37  -1.82958e-37  -1.14169e-37
 -7.11531e-38  -4.42877e-38  -2.75308e-38  -1.70922e-38  -1.05980e-38  -6.56287e-39
 -4.05891e-39  -2.50710e-39  -1.54660e-39  -9.52862e-40  -5.86310e-40  -3.60305e-40
 -2.21136e-40  -1.35548e-40  -8.29801e-41  -5.07340e-41  -3.09792e-41  -1.88924e-41
 -1.15067e-41  -6.99937e-42  -4.25219e-42  -2.57996e-42  -1.56336e-42  -9.46129e-43
 -5.71858e-43  -3.45201e-43  -2.08114e-43  -1.25307e-43  -7.53526e-44  -4.52549e-44
 -2.71444e-44  -1.62607e-44  -9.72848e-45  -5.81295e-45  -3.46893e-45  -2.06747e-45
 -1.23064e-45  -7.31588e-46  -4.34360e-46  -2.57560e-46  -1.52530e-46  -9.02145e-47
 -5.32899e-47  -3.14383e-47  -1.85234e-47  -1.09000e-47  -6.40593e-48  -3.75995e-48
 -2.20409e-48  -1.29040e-48  -7.54506e-49  -4.40605e-49  -2.56970e-49  -1.49680e-49
 -8.70741e-50  -5.05897e-50  -2.93550e-50  -1.70117e-50  -9.84604e-51  -5.69143e-51
 -3.28570e-51  -1.89444e-51  -1.09089e-51  -6.27378e-52  -3.60349e-52  -2.06711e-52
 -1.18427e-52  -6.77621e-53  -3.87229e-53  -2.21002e-53  -1.25972e-53  -7.17125e-54
 -4.07722e-54  -2.31516e-54  -1.31294e-54  -7.43627e-55  -4.20642e-55  -2.37639e-55
 -1.34082e-55  -7.55560e-56  -4.25222e-56  -2.39006e-56  -1.34168e-56  -7.52208e-57
 -4.21185e-57  -2.35535e-57  -1.31548e-57  -7.33774e-58  -4.08777e-58  -2.27435e-58
 -1.26380e-58  -7.01364e-59  -3.88738e-59  -2.15188e-59  -1.18967e-59  -6.56875e-60
 -3.62231e-60  -1.99497e-60  -1.09732e-60  -6.02811e-61  -3.30730e-61  -1.81224e-61
 -9.91753e-62  -5.42050e-62  -2.95885e-62  -1.61307e-62  -8.78280e-63  -4.77594e-63
 -2.59378e-63  -1.40687e-63  -7.62121e-64  -4.12326e-64  -2.22795e-64  -1.20231e-64
 -6.48005e-65  -3.48808e-65  -1.87517e-65  -1.00680e-65  -5.39879e-66  -2.89131e-66
 -1.54647e-66  -8.26108e-67  -4.40737e-67  -2.34839e-67  -1.24971e-67  -6.64192e-68
 -3.52556e-68  -1.86900e-68  -9.89554e-69  -5.23260e-69  -2.76340e-69  -1.45753e-69
 -7.67783e-70  -4.03932e-70  -2.12239e-70  -1.11376e-70  -5.83721e-71  -3.05539e-71
 -1.59726e-71  -8.33940e-72  -4.34851e-72  -2.26462e-72  -1.17787e-72  -6.11854e-73
 -3.17429e-73  -1.64472e-73  -8.51113e-74  -4.39876e-74  -2.27050e-74  -1.17047e-74
 -6.02627e-75  -3.09873e-75  -1.59136e-75  -8.16207e-76  -4.18101e-76  -2.13899e-76
 -1.09292e-76  -5.57715e-77  -2.84240e-77  -1.44680e-77  -7.35492e-78  -3.73419e-78
 -1.89349e-78  -9.58913e-79  -4.85001e-79  -2.44994e-79  -1.23599e-79  -6.22765e-80
 -3.13387e-80  -1.57502e-80  -7.90572e-81  -3.96318e-81  -1.98424e-81  -9.92189e-82
 -4.95499e-82  -2.47138e-82  -1.23107e-82  -6.12460e-83  -3.04312e-83  -1.51012e-83
 -7.48427e-84  -3.70456e-84  -1.83136e-84  -9.04186e-85  -4.45853e-85  -2.19570e-85
 -1.07995e-85  -5.30497e-86  -2.60262e-86  -1.27523e-86  -6.24040e-87  -3.04990e-87
 -1.48870e-87  -7.25737e-88  -3.53345e-88  -1.71818e-88  -8.34420e-89  -4.04716e-89
 -1.96049e-89  -9.48480e-90  -4.58290e-90  -2.21157e-90  -1.06589e-90  -5.13061e-91
 -2.46647e-91  -1.18422e-91  -5.67853e-92  -2.71950e-92  -1.30074e-92  -6.21359e-93
 -2.96444e-93  -1.41251e-93  -6.72184e-94  -3.19473e-94  -1.51646e-94  -7.18909e-95
 -3.40382e-95  -1.60957e-95  -7.60150e-96  -3.58541e-96  -1.68899e-96  -7.94630e-97
 -3.73380e-97  -1.75221e-97  -8.21241e-98  -3.84418e-98  -1.79716e-98  -8.39106e-99
 -3.91288e-99  -1.82233e-99 -8.47626e-100 -3.93759e-100 -1.82687e-100 -8.46510e-101
-3.91747e-101 -1.81063e-101 -8.35798e-102 -3.85321e-102 -1.77416e-102 -8.15853e-103
-3.74697e-103 -1.71869e-103 -7.87343e-104 -3.60230e-104 -1.64605e-104 -7.51204e-105
-3.42390e-105 -1.55859e-105 -7.08588e-106 -3.21739e-106 -1.45903e-106 -6.60802e-107
-2.98902e-107 -1.35032e-107 -6.09245e-108 -2.74535e-108 -1.23552e-108 -5.55335e-109
-2.49291e-109 -1.11766e-109 -5.00450e-110 -2.23800e-110 -9.99563e-111 -4.45871e-111
-1.98636e-111 -8.83800e-112 -3.92736e-112 -1.74300e-112 -7.72576e-113 -3.42007e-113
-1.51209e-113 -6.67685e-114 -2.94451e-114 -1.29690e-114 -5.70487e-115 -2.50632e-115
-1.09970e-115 -4.81907e-116 -2.10912e-116 -9.21910e-117 -4.02462e-117 -1.75473e-117
-7.64093e-118 -3.32300e-118 -1.44333e-118 -6.26107e-119 -2.71257e-119 -1.17372e-119
-5.07218e-120 -2.18915e-120 -9.43638e-121 -4.06242e-121 -1.74668e-121 -7.50054e-122
-3.21677e-122 -1.37784e-122 -5.89420e-123 -2.51826e-123 -1.07455e-123 -4.57932e-124
-1.94906e-124 -8.28514e-125 -3.51741e-125 -1.49141e-125 -6.31566e-126 -2.67110e-126
-1.12827e-126 -4.75973e-127 -2.00541e-127 -8.43864e-128 -3.54644e-128 -1.48854e-128
-6.23992e-129 -2.61244e-129 -1.09236e-129 -4.56175e-130 -1.90260e-130 -7.92527e-131
-3.29708e-131 -1.36992e-131 -5.68472e-132 -2.35599e-132 -9.75186e-133 -4.03135e-133
-1.66442e-133 -6.86320e-134 -2.82643e-134 -1.16252e-134 -4.77542e-135 -1.95917e-135
-8.02756e-136 -3.28506e-136 -1.34262e-136 -5.48041e-137 -2.23420e-137 -9.09663e-138
-3.69904e-138 -1.50227e-138 -6.09333e-139 -2.46838e-139 -9.98663e-140 -4.03530e-140
-1.62848e-140 -6.56353e-141 -2.64206e-141 -1.06218e-141 -4.26485e-142 -1.71025e-142
-6.84956e-143 -2.73979e-143 -1.09451e-143 -4.36691e-144 -1.74011e-144 -6.92517e-145
-2.75254e-145 -1.09266e-145 -4.33199e-146 -1.71530e-146 -6.78330e-147 -2.67912e-147
-1.05680e-147 -4.16336e-148 -1.63812e-148 -6.43718e-149 -2.52636e-149 -9.90251e-150
-3.87655e-150 -1.51563e-150 -5.91826e-151 -2.30804e-151 -8.98963e-152 -3.49696e-152
-1.35859e-152 -5.27153e-153 -2.04284e-153 -7.90648e-154 -3.05619e-154 -1.17985e-154
-4.54910e-155 -1.75175e-155 -6.73705e-156 -2.58772e-156 -9.92689e-157 -3.80329e-157
-1.45531e-157 -5.56163e-158 -2.12275e-158 -8.09178e-159 -3.08063e-159 -1.17135e-159
-4.44817e-160 -1.68705e-160 -6.39031e-161 -2.41750e-161 -9.13403e-162 -3.44673e-162
-1.29898e-162 -4.88930e-163 -1.83798e-163 -6.90059e-164 -2.58750e-164 -9.69003e-165
-3.62426e-165 -1.35383e-165 -5.05077e-166 -1.88192e-166 -7.00319e-167 -2.60279e-167
-9.66126e-168 -3.58161e-168 -1.32609e-168 -4.90360e-169 -1.81096e-169 -6.67963e-170
-2.46063e-170 -9.05294e-171 -3.32647e-171 -1.22075e-171 -4.47425e-172 -1.63781e-172
-5.98766e-173 -2.18626e-173 -7.97250e-174 -2.90361e-174 -1.05616e-174 -3.83685e-175
-1.39209e-175 -5.04442e-176 -1.82560e-176 -6.59855e-177 -2.38200e-177 -8.58787e-178
-3.09228e-178 -1.11205e-178 -3.99407e-179 -1.43271e-179 -5.13279e-180 -1.83653e-180
-6.56282e-181 -2.34226e-181 -8.34888e-182 -2.97216e-182 -1.05674e-182 -3.75241e-183
-1.33077e-183 -4.71355e-184 -1.66741e-184 -5.89097e-185 -2.07865e-185 -7.32530e-186
-2.57822e-186 -9.06285e-187 -3.18170e-187 -1.11559e-187 -3.90660e-188 -1.36629e-188
-4.77242e-189 -1.66488e-189 -5.80069e-190 -2.01848e-190 -7.01488e-191 -2.43481e-191
-8.44037e-192 -2.92218e-192 -1.01042e-192 -3.48939e-193 -1.20350e-193 -4.14564e-194
-1.42623e-194 -4.90044e-195 -1.68163e-195 -5.76339e-196 -1.97277e-196 -6.74408e-197
-2.30261e-197 -7.85177e-198 -2.67402e-198 -9.09521e-199 -3.08966e-199 -1.04824e-199
-3.55187e-200 -1.20200e-200 -4.06260e-201 -1.37136e-201 -4.62330e-202 -1.55669e-202
-5.23481e-203 -1.75813e-203 -5.89725e-204 -1.97560e-204 -6.60998e-205 -2.20877e-205
-7.37141e-206 -2.45698e-206 -8.17904e-207 -2.71928e-207 -9.02932e-208 -2.99438e-208
-9.91764e-209 -3.28065e-209 -1.08383e-209 -3.57614e-210 -1.17847e-210 -3.87856e-211
-1.27489e-211 -4.18530e-212 -1.37224e-212 -4.49350e-213 -1.46956e-213 -4.80002e-214
-1.56584e-214 -5.10155e-215 -1.66000e-215 -5.39464e-216 -1.75093e-216 -5.67576e-217
-1.83751e-217 -5.94137e-218 -1.91864e-218 -6.18799e-219 -1.99323e-219 -6.41231e-220
-2.06026e-220 -6.61120e-221 -2.11879e-221 -6.78183e-222 -2.16798e-222 -6.92174e-223
-2.20711e-223 -7.02885e-224 -2.23560e-224 -7.10157e-225 -2.25302e-225 -7.13881e-226
-2.25911e-226 -7.14001e-227 -2.25378e-227 -7.10514e-228 -2.23710e-228 -7.03474e-229
-2.20933e-229 -6.92986e-230 -2.17089e-230 -6.79207e-231 -2.12235e-231 -6.62341e-232
-2.06441e-232 -6.42631e-233 -1.99792e-233 -6.20360e-234 -1.92380e-234 -5.95836e-235
-1.84308e-235 -5.69392e-236 -1.75683e-236 -5.41374e-237 -1.66616e-237 -5.12135e-238
-1.57219e-238 -4.82029e-239 -1.47602e-239 -4.51402e-240 -1.37875e-240 -4.20587e-241
-1.28138e-241 -3.89896e-242 -1.18487e-242 -3.59619e-243 -1.09010e-243 -3.30019e-244
-9.97845e-245 -3.01326e-245 -9.08786e-246 -2.73739e-246 -8.23496e-247 -2.47421e-247
-7.42443e-248 -2.22505e-248 -6.65988e-249 -1.99087e-249 -5.94389e-250 -1.77235e-250
-5.27810e-251 -1.56984e-251 -4.66322e-252 -1.38346e-252 -4.09916e-253 -1.21304e-253
-3.58514e-254 -1.05825e-254 -3.11975e-255 -9.18548e-256 -2.70106e-256 -7.93263e-257
-2.32676e-257 -6.81608e-258 -1.99420e-258 -5.82712e-259 -1.70055e-259 -4.95649e-260
-1.44281e-260 -4.19466e-261 -1.21796e-261 -3.53201e-262 -1.02296e-262 -2.95902e-263
-8.54843e-264 -2.46647e-264 -7.10747e-265 -2.04553e-265 -5.87957e-266 -1.68786e-266
-4.83925e-267 -1.38570e-267 -3.96290e-268 -1.13189e-268 -3.22886e-269 -9.19905e-270
-2.61750e-270 -7.43844e-271 -2.11119e-271 -5.98443e-272 -1.69422e-272 -4.79034e-273
-1.35274e-273 -3.81514e-274 -1.07463e-274 -3.02314e-275 -8.49390e-276 -2.38345e-276
-6.67970e-277 -1.86964e-277 -5.22647e-278 -1.45918e-278 -4.06876e-279 -1.13309e-279
-3.15151e-280 -8.75431e-281 -2.42871e-281 -6.72947e-282 -1.86224e-282 -5.14685e-283
-1.42068e-283 -3.91656e-284 -1.07835e-284 -2.96531e-285 -8.14381e-286 -2.23376e-286
-6.11922e-287 -1.67419e-287 -4.57474e-288 -1.24847e-288 -3.40282e-289 -9.26297e-290
-2.51833e-290 -6.83795e-291 -1.85434e-291 -5.02231e-292 -1.35853e-292 -3.67015e-293
-9.90260e-294 -2.66849e-294 -7.18179e-295 -1.93041e-295 -5.18224e-296 -1.38943e-296
-3.72054e-297 -9.95004e-298 -2.65763e-298 -7.08951e-299 -1.88881e-299 -5.02584e-300
-1.33562e-300 -3.54490e-301 -9.39676e-302 -2.48772e-302 -6.57774e-303 -1.73701e-303
-4.58118e-304 -1.20671e-304 -3.17454e-305 -8.34082e-306 -2.18870e-306 -5.73608e-307
-1.50139e-307 -3.92486e-308 -1.02472e-308 -2.67200e-309 -6.95853e-310 -1.80988e-310
-4.70146e-311 -1.21974e-311 -3.16046e-312 -8.17870e-313 -2.11383e-313 -5.45639e-314
-1.40667e-314 -3.62183e-315 -9.31356e-316 -2.39194e-316 -6.13546e-317 -1.57145e-317
-4.02337e-318 -1.02961e-318 -2.63367e-319 -6.59627e-320 -1.46836e-320 -7.35664e-321
 -0.00000e+00  -0.00000e+00  -0.00000e+00  -0.00000e+00  -0.00000e+00  -0.00000e+00
 -0.00000e+00  -0.00000e+00  -0.00000e+00  -0.00000e+00  -0.00000e+00  -0.00000e+00
 -0.00000e+00  -0.00000e+00  -0.00000e+00  -0.00000e+00  -0.00000e+00  -0.00000e+00
 -0.00000e+00  -0.00000e+00  -0.00000e+00  -0.00000e+00  -0.00000e+00  -0.00000e+00
 -0.00000e+00  -0.00000e+00  -0.00000e+00  -0.00000e+00  -0.00000e+00  -0.00000e+00
 -0.00000e+00  -0.00000e+00  -0.00000e+00  -0.00000e+00  -0.00000e+00  -0.00000e+00
 -0.00000e+00  -0.00000e+00  -0.00000e+00  -0.00000e+00  -0.00000e+00  -0.00000e+00
 -0.00000e+00  -0.00000e+00  -0.00000e+00  -0.00000e+00  -0.00000e+00  -0.00000e+00
 -0.00000e+00  -0.00000e+00  -0.00000e+00  -0.00000e+00  -0.00000e+00  -0.00000e+00
 -0.00000e+00  -0.00000e+00  -0.00000e+00  -0.00000e+00  -0.00000e+00  -0.00000e+00
 -0.00000e+00  -0.00000e+00  -0.00000e+00  -0.00000e+00  -0.00000e+00  -0.00000e+00
 -0.00000e+00  -0.00000e+00  -0.00000e+00  -0.00000e+00  -0.00000e+00  -0.00000e+00
 -0.00000e+00  -0.00000e+00  -0.00000e+00  -0.00000e+00  -0.00000e+00  -0.00000e+00
 -0.00000e+00  -0.00000e+00  -0.00000e+00  -0.00000e+00  -0.00000e+00  -0.00000e+00
 -0.00000e+00  -0.00000e+00  -0.00000e+00  -0.00000e+00  -0.00000e+00  -0.00000e+00
 -0.00000e+00  -0.00000e+00  -0.00000e+00  -0.00000e+00  -0.00000e+00  -0.00000e+00
 -0.00000e+00  -0.00000e+00  -0.00000e+00  -0.00000e+00  -0.00000e+00  -0.00000e+00
 -0.00000e+00  -0.00000e+00  -0.00000e+00  -0.00000e+00  -0.00000e+00  -0.00000e+00
 -0.00000e+00  -0.00000e+00  -0.00000e+00  -0.00000e+00  -0.00000e+00  -0.00000e+00
 -0.00000e+00  -0.00000e+00  -0.00000e+00  -0.00000e+00  -0.00000e+00  -0.00000e+00
 -0.00000e+00  -0.00000e+00  -0.00000e+00  -0.00000e+00  -0.00000e+00  -0.00000e+00
 -0.00000e+00  -0.00000e+00  -0.00000e+00  -0.00000e+00  -0.00000e+00  -0.00000e+00
 -0.00000e+00  -0.00000e+00  -0.00000e+00  -0.00000e+00  -0.00000e+00  -0.00000e+00
 -0.00000e+00  -0.00000e+00  -0.00000e+00  -0.00000e+00  -0.00000e+00  -0.00000e+00
 -0.00000e+00  -0.00000e+00  -0.00000e+00  -0.00000e+00  -0.00000e+00  -0.00000e+00
 -0.00000e+00  -0.00000e+00  -0.00000e+00  -0.00000e+00  -0.00000e+00  -0.00000e+00
 -0.00000e+00  -0.00000e+00  -0.00000e+00  -0.00000e+00  -0.00000e+00  -0.00000e+00
 -0.00000e+00  -0.00000e+00  -0.00000e+00  -0.00000e+00  -0.00000e+00  -0.00000e+00
 -0.00000e+00  -0.00000e+00  -0.00000e+00  -0.00000e+00  -0.00000e+00  -0.00000e+00
 -0.00000e+00  -0.00000e+00  -0.00000e+00  -0.00000e+00  -0.00000e+00  -0.00000e+00
 -0.00000e+00  -0.00000e+00  -0.00000e+00  -0.00000e+00  -0.00000e+00  -0.00000e+00
 -0.00000e+00  -0.00000e+00  -0.00000e+00  -0.00000e+00  -0.00000e+00  -0.00000e+00
 -0.00000e+00  -0.00000e+00  -0.00000e+00  -0.00000e+00  -0.00000e+00  -0.00000e+00
 -0.00000e+00  -0.00000e+00  -0.00000e+00  -0.00000e+00  -0.00000e+00  -0.00000e+00
 -0.00000e+00  -0.00000e+00  -0.00000e+00  -0.00000e+00  -0.00000e+00  -0.00000e+00
 -0.00000e+00  -0.00000e+00  -0.00000e+00  -0.00000e+00  -0.00000e+00  -0.00000e+00
 -0.00000e+00  -0.00000e+00  -0.00000e+00  -0.00000e+00  -0.00000e+00  -0.00000e+00
 -0.00000e+00  -0.00000e+00  -0.00000e+00  -0.00000e+00  -0.00000e+00  -0.00000e+00
 -0.00000e+00  -0.00000e+00  -0.00000e+00  -0.00000e+00  -0.00000e+00  -0.00000e+00
 -0.00000e+00  -0.00000e+00  -0.00000e+00  -0.00000e+00  -0.00000e+00  -0.00000e+00
 -0.00000e+00  -0.00000e+00  -0.00000e+00  -0.00000e+00  -0.00000e+00  -0.00000e+00
 -0.00000e+00  -0.00000e+00  -0.00000e+00  -0.00000e+00  -0.00000e+00  -0.00000e+00
 -0.00000e+00  -0.00000e+00  -0.00000e+00  -0.00000e+00  -0.00000e+00  -0.00000e+00
 -0.00000e+00  -0.00000e+00  -0.00000e+00  -0.00000e+00  -0.00000e+00  -0.00000e+00
 -0.00000e+00  -0.00000e+00  -0.00000e+00  -0.00000e+00  -0.00000e+00  -0.00000e+00
 -0.00000e+00  -0.00000e+00  -0.00000e+00  -0.00000e+00  -0.00000e+00  -0.00000e+00
 -0.00000e+00  -0.00000e+00  -0.00000e+00  -0.00000e+00  -0.00000e+00  -0.00000e+00
 -0.00000e+00  -0.00000e+00  -0.00000e+00  -0.00000e+00  -0.00000e+00  -0.00000e+00
 -0.00000e+00  -0.00000e+00  -0.00000e+00  -0.00000e+00  -0.00000e+00  -0.00000e+00
 -0.00000e+00  -0.00000e+00  -0.00000e+00  -0.00000e+00  -0.00000e+00  -0.00000e+00
 -0.00000e+00  -0.00000e+00  -0.00000e+00  -0.00000e+00  -0.00000e+00  -0.00000e+00
 -0.00000e+00  -0.00000e+00  -0.00000e+00  -0.00000e+00  -0.00000e+00  -0.00000e+00
 -0.00000e+00  -0.00000e+00  -0.00000e+00  -0.00000e+00  -0.00000e+00  -0.00000e+00
 -0.00000e+00  -0.00000e+00  -0.00000e+00  -0.00000e+00  -0.00000e+00  -0.00000e+00
 -0.00000e+00  -0.00000e+00  -0.00000e+00  -0.00000e+00  -0.00000e+00  -0.00000e+00
 -0.00000e+00  -0.00000e+00  -0.00000e+00  -0.00000e+00  -0.00000e+00  -0.00000e+00
 -0.00000e+00  -0.00000e+00  -0.00000e+00  -0.00000e+00  -0.00000e+00  -0.00000e+00
 -0.00000e+00  -0.00000e+00  -0.00000e+00  -0.00000e+00  -0.00000e+00  -0.00000e+00
 -0.00000e+00  -0.00000e+00  -0.00000e+00  -0.00000e+00  -0.00000e+00  -0.00000e+00
 -0.00000e+00  -0.00000e+00  -0.00000e+00  -0.00000e+00  -0.00000e+00  -0.00000e+00
 -0.00000e+00  -0.00000e+00  -0.00000e+00  -0.00000e+00  -0.00000e+00  -0.00000e+00
 -0.00000e+00  -0.00000e+00  -0.00000e+00  -0.00000e+00  -0.00000e+00  -0.00000e+00
 -0.00000e+00  -0.00000e+00  -0.00000e+00  -0.00000e+00  -0.00000e+00  -0.00000e+00
 -0.00000e+00  -0.00000e+00  -0.00000e+00  -0.00000e+00  -0.00000e+00  -0.00000e+00
 -0.00000e+00  -0.00000e+00  -0.00000e+00  -0.00000e+00  -0.00000e+00  -0.00000e+00
 -0.00000e+00  -0.00000e+00  -0.00000e+00  -0.00000e+00  -0.00000e+00  -0.00000e+00
 -0.00000e+00  -0.00000e+00  -0.00000e+00  -0.00000e+00  -0.00000e+00  -0.00000e+00
 -0.00000e+00  -0.00000e+00  -0.00000e+00  -0.00000e+00  -0.00000e+00  -0.00000e+00
 -0.00000e+00  -0.00000e+00  -0.00000e+00  -0.00000e+00  -0.00000e+00  -0.00000e+00
 -0.00000e+00  -0.00000e+00  -0.00000e+00  -0.00000e+00  -0.00000e+00  -0.00000e+00
 -0.00000e+00  -0.00000e+00  -0.00000e+00  -0.00000e+00  -0.00000e+00  -0.00000e+00
 -0.00000e+00  -0.00000e+00  -0.00000e+00  -0.00000e+00  -0.00000e+00  -0.00000e+00
 -0.00000e+00  -0.00000e+00  -0.00000e+00  -0.00000e+00  -0.00000e+00  -0.00000e+00
 -0.00000e+00  -0.00000e+00  -0.00000e+00  -0.00000e+00  -0.00000e+00  -0.00000e+00
 -0.00000e+00  -0.00000e+00  -0.00000e+00  -0.00000e+00  -0.00000e+00  -0.00000e+00
 -0.00000e+00  -0.00000e+00  -0.00000e+00  -0.00000e+00  -0.00000e+00  -0.00000e+00
 -0.00000e+00  -0.00000e+00  -0.00000e+00  -0.00000e+00  -0.00000e+00  -0.00000e+00
 -0.00000e+00  -0.00000e+00  -0.00000e+00  -0.00000e+00  -0.00000e+00  -0.00000e+00
 -0.00000e+00  -0.00000e+00  -0.00000e+00  -0.00000e+00  -0.00000e+00  -0.00000e+00
 -0.00000e+00  -0.00000e+00  -0.00000e+00  -0.00000e+00  -0.00000e+00  -0.00000e+00
 -0.00000e+00  -0.00000e+00  -0.00000e+00  -0.00000e+00  -0.00000e+00  -0.00000e+00
 -0.00000e+00  -0.00000e+00  -0.00000e+00  -0.00000e+00  -0.00000e+00  -0.00000e+00
 -0.00000e+00  -0.00000e+00  -0.00000e+00  -0.00000e+00  -0.00000e+00  -0.00000e+00
 -0.00000e+00  -0.00000e+00  -0.00000e+00  -0.00000e+00  -0.00000e+00  -0.00000e+00
 -0.00000e+00  -0.00000e+00  -0.00000e+00  -0.00000e+00  -0.00000e+00  -0.00000e+00
 -0.00000e+00  -0.00000e+00  -0.00000e+00  -0.00000e+00  -0.00000e+00  -0.00000e+00
 -0.00000e+00  -0.00000e+00  -0.00000e+00  -0.00000e+00  -0.00000e+00  -0.00000e+00
 -0.00000e+00  -0.00000e+00  -0.00000e+00  -0.00000e+00  -0.00000e+00  -0.00000e+00
 -0.00000e+00  -0.00000e+00  -0.00000e+00  -0.00000e+00  -0.00000e+00  -0.00000e+00
 -0.00000e+00  -0.00000e+00  -0.00000e+00  -0.00000e+00  -0.00000e+00  -0.00000e+00
 -0.00000e+00  -0.00000e+00  -0.00000e+00  -0.00000e+00  -0.00000e+00  -0.00000e+00
 -0.00000e+00  -0.00000e+00  -0.00000e+00  -0.00000e+00  -0.00000e+00  -0.00000e+00
 -0.00000e+00  -0.00000e+00  -0.00000e+00  -0.00000e+00  -0.00000e+00  -0.00000e+00
 -0.00000e+00  -0.00000e+00  -0.00000e+00  -0.00000e+00  -0.00000e+00  -0.00000e+00
 -0.00000e+00  -0.00000e+00  -0.00000e+00  -0.00000e+00  -0.00000e+00  -0.00000e+00
 -0.00000e+00  -0.00000e+00  -0.00000e+00  -0.00000e+00  -0.00000e+00  -0.00000e+00
 -0.00000e+00  -0.00000e+00  -0.00000e+00  -0.00000e+00  -0.00000e+00  -0.00000e+00
 -0.00000e+00  -0.00000e+00  -0.00000e+00  -0.00000e+00  -0.00000e+00  -0.00000e+00
 -0.00000e+00  -0.00000e+00  -0.00000e+00  -0.00000e+00  -0.00000e+00  -0.00000e+00
 -0.00000e+00  -0.00000e+00  -0.00000e+00  -0.00000e+00  -0.00000e+00  -0.00000e+00
 -0.00000e+00  -0.00000e+00  -0.00000e+00  -0.00000e+00  -0.00000e+00  -0.00000e+00
 -0.00000e+00  -0.00000e+00  -0.00000e+00  -0.00000e+00  -0.00000e+00  -0.00000e+00
 -0.00000e+00  -0.00000e+00  -0.00000e+00  -0.00000e+00  -0.00000e+00  -0.00000e+00
 -0.00000e+00  -0.00000e+00  -0.00000e+00  -0.00000e+00  -0.00000e+00  -0.00000e+00
 -0.00000e+00  -0.00000e+00  -0.00000e+00  -0.00000e+00  -0.00000e+00  -0.00000e+00
 -0.00000e+00  -0.00000e+00  -0.00000e+00  -0.00000e+00  -0.00000e+00  -0.00000e+00
 -0.00000e+00  -0.00000e+00  -0.00000e+00  -0.00000e+00  -0.00000e+00  -0.00000e+00
 -0.00000e+00  -0.00000e+00  -0.00000e+00  -0.00000e+00  -0.00000e+00  -0.00000e+00
 -0.00000e+00  -0.00000e+00  -0.00000e+00  -0.00000e+00  -0.00000e+00  -0.00000e+00
 -0.00000e+00  -0.00000e+00  -0.00000e+00  -0.00000e+00  -0.00000e+00  -0.00000e+00
 -0.00000e+00  -0.00000e+00  -0.00000e+00  -0.00000e+00  -0.00000e+00  -0.00000e+00
 -0.00000e+00  -0.00000e+00  -0.00000e+00  -0.00000e+00  -0.00000e+00  -0.00000e+00
 -0.00000e+00  -0.00000e+00  -0.00000e+00  -0.00000e+00  -0.00000e+00  -0.00000e+00
 -0.00000e+00  -0.00000e+00  -0.00000e+00  -0.00000e+00  -0.00000e+00  -0.00000e+00
 -0.00000e+00  -0.00000e+00  -0.00000e+00  -0.00000e+00  -0.00000e+00  -0.00000e+00
 -0.00000e+00  -0.00000e+00  -0.00000e+00  -0.00000e+00  -0.00000e+00  -0.00000e+00
 -0.00000e+00  -0.00000e+00  -0.00000e+00  -0.00000e+00  -0.00000e+00  -0.00000e+00
 -0.00000e+00  -0.00000e+00  -0.00000e+00  -0.00000e+00  -0.00000e+00  -0.00000e+00
 -0.00000e+00  -0.00000e+00  -0.00000e+00  -0.00000e+00  -0.00000e+00  -0.00000e+00
 -0.00000e+00  -0.00000e+00  -0.00000e+00  -0.00000e+00  -0.00000e+00  -0.00000e+00
 -0.00000e+00  -0.00000e+00  -0.00000e+00  -0.00000e+00  -0.00000e+00  -0.00000e+00
 -0.00000e+00  -0.00000e+00  -0.00000e+00  -0.00000e+00  -0.00000e+00  -0.00000e+00
 -0.00000e+00  -0.00000e+00  -0.00000e+00  -0.00000e+00  -0.00000e+00  -0.00000e+00
 -0.00000e+00  -0.00000e+00  -0.00000e+00  -0.00000e+00  -0.00000e+00  -0.00000e+00
 -0.00000e+00  -0.00000e+00  -0.00000e+00  -0.00000e+00  -0.00000e+00  -0.00000e+00
 -0.00000e+00  -0.00000e+00  -0.00000e+00  -0.00000e+00  -0.00000e+00  -0.00000e+00
 -0.00000e+00  -0.00000e+00  -0.00000e+00  -0.00000e+00  -0.00000e+00  -0.00000e+00
 -0.00000e+00  -0.00000e+00  -0.00000e+00  -0.00000e+00  -0.00000e+00  -0.00000e+00
 -0.00000e+00  -0.00000e+00  -0.00000e+00  -0.00000e+00  -0.00000e+00  -0.00000e+00
 -0.00000e+00  -0.00000e+00  -0.00000e+00  -0.00000e+00  -0.00000e+00  -0.00000e+00
 -0.00000e+00  -0.00000e+00  -0.00000e+00  -0.00000e+00  -0.00000e+00  -0.00000e+00
 -0.00000e+00  -0.00000e+00
