my_ricker_02Hz txt 
2000  8.00000e-02 0 0  0.00000e+00  0.00000e+00  0.00000e+00  0.00000e+00
 -5.57950e-16  -1.02981e-15  -1.89087e-15  -3.45394e-15  -6.27641e-15  -1.13462e-14
 -2.04049e-14  -3.65056e-14  -6.49717e-14  -1.15035e-13  -2.02615e-13  -3.55017e-13
 -6.18819e-13  -1.07303e-12  -1.85094e-12  -3.17618e-12  -5.42185e-12  -9.20701e-12
 -1.55531e-11  -2.61361e-11  -4.36905e-11  -7.26536e-11  -1.20184e-10  -1.97768e-10
 -3.23730e-10  -5.27137e-10  -8.53843e-10  -1.37576e-09  -2.20505e-09  -3.51560e-09
 -5.57554e-09  -8.79581e-09  -1.38027e-08  -2.15453e-08  -3.34530e-08  -5.16667e-08
 -7.93735e-08  -1.21291e-07  -1.84359e-07  -2.78729e-07  -4.19159e-07  -6.26974e-07
 -9.32807e-07  -1.38039e-06  -2.03178e-06  -2.97448e-06  -4.33114e-06  -6.27257e-06
 -9.03518e-06  -1.29441e-05  -1.84436e-05  -2.61368e-05  -3.68373e-05  -5.16352e-05
 -7.19816e-05  -9.97951e-05  -1.37595e-04  -1.88665e-04  -2.57261e-04  -3.48852e-04
 -4.70419e-04  -6.30807e-04  -8.41140e-04  -1.11530e-03  -1.47047e-03  -1.92775e-03
 -2.51284e-03  -3.25679e-03  -4.19673e-03  -5.37669e-03  -6.84841e-03  -8.67200e-03
 -1.09166e-02  -1.36609e-02  -1.69932e-02  -2.10113e-02  -2.58224e-02  -3.15412e-02
 -3.82892e-02  -4.61916e-02  -5.53743e-02  -6.59599e-02  -7.80627e-02  -9.17825e-02
 -1.07198e-01  -1.24359e-01  -1.43277e-01  -1.63919e-01  -1.86195e-01  -2.09951e-01
 -2.34962e-01  -2.60921e-01  -2.87438e-01  -3.14032e-01  -3.40136e-01  -3.65095e-01
 -3.88174e-01  -4.08570e-01  -4.25425e-01  -4.37847e-01  -4.44935e-01  -4.45802e-01
 -4.39611e-01  -4.25605e-01  -4.03143e-01  -3.71734e-01  -3.31069e-01  -2.81051e-01
 -2.21821e-01  -1.53777e-01  -7.75819e-02   5.82956e-03   9.52617e-02   1.89274e-01
  2.86209e-01   3.84230e-01   4.81368e-01   5.75573e-01   6.64777e-01   7.46956e-01
  8.20190e-01   8.82732e-01   9.33060e-01   9.69935e-01   9.92436e-01   1.00000e+00
  9.92436e-01   9.69935e-01   9.33060e-01   8.82732e-01   8.20190e-01   7.46956e-01
  6.64777e-01   5.75573e-01   4.81368e-01   3.84230e-01   2.86209e-01   1.89274e-01
  9.52617e-02   5.82956e-03  -7.75819e-02  -1.53777e-01  -2.21821e-01  -2.81051e-01
 -3.31069e-01  -3.71734e-01  -4.03143e-01  -4.25605e-01  -4.39611e-01  -4.45802e-01
 -4.44935e-01  -4.37847e-01  -4.25425e-01  -4.08570e-01  -3.88174e-01  -3.65095e-01
 -3.40136e-01  -3.14032e-01  -2.87438e-01  -2.60921e-01  -2.34962e-01  -2.09951e-01
 -1.86195e-01  -1.63919e-01  -1.43277e-01  -1.24359e-01  -1.07198e-01  -9.17825e-02
 -7.80627e-02  -6.59599e-02  -5.53743e-02  -4.61916e-02  -3.82892e-02  -3.15412e-02
 -2.58224e-02  -2.10113e-02  -1.69932e-02  -1.36609e-02  -1.09166e-02  -8.67200e-03
 -6.84841e-03  -5.37669e-03  -4.19673e-03  -3.25679e-03  -2.51284e-03  -1.92775e-03
 -1.47047e-03  -1.11530e-03  -8.41140e-04  -6.30807e-04  -4.70419e-04  -3.48852e-04
 -2.57261e-04  -1.88665e-04  -1.37595e-04  -9.97951e-05  -7.19816e-05  -5.16352e-05
 -3.68373e-05  -2.61368e-05  -1.84436e-05  -1.29441e-05  -9.03518e-06  -6.27257e-06
 -4.33114e-06  -2.97448e-06  -2.03178e-06  -1.38039e-06  -9.32807e-07  -6.26974e-07
 -4.19159e-07  -2.78729e-07  -1.84359e-07  -1.21291e-07  -7.93735e-08  -5.16667e-08
 -3.34530e-08  -2.15453e-08  -1.38027e-08  -8.79581e-09  -5.57554e-09  -3.51560e-09
 -2.20505e-09  -1.37576e-09  -8.53843e-10  -5.27137e-10  -3.23730e-10  -1.97768e-10
 -1.20184e-10  -7.26536e-11  -4.36905e-11  -2.61361e-11  -1.55531e-11  -9.20701e-12
 -5.42185e-12  -3.17618e-12  -1.85094e-12  -1.07303e-12  -6.18819e-13  -3.55017e-13
 -2.02615e-13  -1.15035e-13  -6.49717e-14  -3.65056e-14  -2.04049e-14  -1.13462e-14
 -6.27641e-15  -3.45394e-15  -1.89087e-15  -1.02981e-15  -5.57950e-16  -3.00734e-16
 -1.61257e-16  -8.60211e-17  -4.56501e-17  -2.41007e-17  -1.26581e-17  -6.61396e-18
 -3.43802e-18  -1.77791e-18  -9.14673e-19  -4.68143e-19  -2.38368e-19  -1.20747e-19
 -6.08501e-20  -3.05074e-20  -1.52163e-20  -7.55049e-21  -3.72736e-21  -1.83058e-21
 -8.94413e-22  -4.34761e-22  -2.10246e-22  -1.01150e-22  -4.84142e-23  -2.30538e-23
 -1.09214e-23  -5.14732e-24  -2.41352e-24  -1.12587e-24  -5.22506e-25  -2.41248e-25
 -1.10817e-25  -5.06426e-26  -2.30248e-26  -1.04147e-26  -4.68672e-27  -2.09827e-27
 -9.34599e-28  -4.14154e-28  -1.82587e-28  -8.00850e-29  -3.49467e-29  -1.51717e-29
 -6.55294e-30  -2.81587e-30  -1.20383e-30  -5.12024e-31  -2.16666e-31  -9.12156e-32
 -3.82052e-32  -1.59204e-32  -6.60024e-33  -2.72235e-33  -1.11714e-33  -4.56084e-34
 -1.85252e-34  -7.48615e-35  -3.00977e-35  -1.20389e-35  -4.79093e-36  -1.89685e-36
 -7.47179e-37  -2.92817e-37  -1.14169e-37  -4.42877e-38  -1.70922e-38  -6.56287e-39
 -2.50710e-39  -9.52862e-40  -3.60305e-40  -1.35548e-40  -5.07340e-41  -1.88924e-41
 -6.99937e-42  -2.57996e-42  -9.46129e-43  -3.45201e-43  -1.25307e-43  -4.52549e-44
 -1.62607e-44  -5.81295e-45  -2.06747e-45  -7.31588e-46  -2.57560e-46  -9.02145e-47
 -3.14383e-47  -1.09000e-47  -3.75995e-48  -1.29040e-48  -4.40605e-49  -1.49680e-49
 -5.05897e-50  -1.70117e-50  -5.69143e-51  -1.89444e-51  -6.27378e-52  -2.06711e-52
 -6.77621e-53  -2.21002e-53  -7.17125e-54  -2.31516e-54  -7.43627e-55  -2.37639e-55
 -7.55560e-56  -2.39006e-56  -7.52208e-57  -2.35535e-57  -7.33774e-58  -2.27435e-58
 -7.01364e-59  -2.15188e-59  -6.56875e-60  -1.99497e-60  -6.02811e-61  -1.81224e-61
 -5.42050e-62  -1.61307e-62  -4.77594e-63  -1.40687e-63  -4.12326e-64  -1.20231e-64
 -3.48808e-65  -1.00680e-65  -2.89131e-66  -8.26108e-67  -2.34839e-67  -6.64192e-68
 -1.86900e-68  -5.23260e-69  -1.45753e-69  -4.03932e-70  -1.11376e-70  -3.05539e-71
 -8.33940e-72  -2.26462e-72  -6.11854e-73  -1.64472e-73  -4.39876e-74  -1.17047e-74
 -3.09873e-75  -8.16207e-76  -2.13899e-76  -5.57715e-77  -1.44680e-77  -3.73419e-78
 -9.58913e-79  -2.44994e-79  -6.22765e-80  -1.57502e-80  -3.96318e-81  -9.92189e-82
 -2.47138e-82  -6.12460e-83  -1.51012e-83  -3.70456e-84  -9.04186e-85  -2.19570e-85
 -5.30497e-86  -1.27523e-86  -3.04990e-87  -7.25737e-88  -1.71818e-88  -4.04716e-89
 -9.48480e-90  -2.21157e-90  -5.13061e-91  -1.18422e-91  -2.71950e-92  -6.21359e-93
 -1.41251e-93  -3.19473e-94  -7.18909e-95  -1.60957e-95  -3.58541e-96  -7.94630e-97
 -1.75221e-97  -3.84418e-98  -8.39106e-99  -1.82233e-99 -3.93759e-100 -8.46510e-101
-1.81063e-101 -3.85321e-102 -8.15853e-103 -1.71869e-103 -3.60230e-104 -7.51204e-105
-1.55859e-105 -3.21739e-106 -6.60802e-107 -1.35032e-107 -2.74535e-108 -5.55335e-109
-1.11766e-109 -2.23800e-110 -4.45871e-111 -8.83800e-112 -1.74300e-112 -3.42007e-113
-6.67685e-114 -1.29690e-114 -2.50632e-115 -4.81907e-116 -9.21910e-117 -1.75473e-117
-3.32300e-118 -6.26107e-119 -1.17372e-119 -2.18915e-120 -4.06242e-121 -7.50054e-122
-1.37784e-122 -2.51826e-123 -4.57932e-124 -8.28514e-125 -1.49141e-125 -2.67110e-126
-4.75973e-127 -8.43864e-128 -1.48854e-128 -2.61244e-129 -4.56175e-130 -7.92527e-131
-1.36992e-131 -2.35599e-132 -4.03135e-133 -6.86320e-134 -1.16252e-134 -1.95917e-135
-3.28506e-136 -5.48041e-137 -9.09663e-138 -1.50227e-138 -2.46838e-139 -4.03530e-140
-6.56353e-141 -1.06218e-141 -1.71025e-142 -2.73979e-143 -4.36691e-144 -6.92517e-145
-1.09266e-145 -1.71530e-146 -2.67912e-147 -4.16336e-148 -6.43718e-149 -9.90251e-150
-1.51563e-150 -2.30804e-151 -3.49696e-152 -5.27153e-153 -7.90648e-154 -1.17985e-154
-1.75175e-155 -2.58772e-156 -3.80329e-157 -5.56163e-158 -8.09178e-159 -1.17135e-159
-1.68705e-160 -2.41750e-161 -3.44673e-162 -4.88930e-163 -6.90059e-164 -9.69003e-165
-1.35383e-165 -1.88192e-166 -2.60279e-167 -3.58161e-168 -4.90360e-169 -6.67963e-170
-9.05294e-171 -1.22075e-171 -1.63781e-172 -2.18626e-173 -2.90361e-174 -3.83685e-175
-5.04442e-176 -6.59855e-177 -8.58787e-178 -1.11205e-178 -1.43271e-179 -1.83653e-180
-2.34226e-181 -2.97216e-182 -3.75241e-183 -4.71355e-184 -5.89097e-185 -7.32530e-186
-9.06285e-187 -1.11559e-187 -1.36629e-188 -1.66488e-189 -2.01848e-190 -2.43481e-191
-2.92218e-192 -3.48939e-193 -4.14564e-194 -4.90044e-195 -5.76339e-196 -6.74408e-197
-7.85177e-198 -9.09521e-199 -1.04824e-199 -1.20200e-200 -1.37136e-201 -1.55669e-202
-1.75813e-203 -1.97560e-204 -2.20877e-205 -2.45698e-206 -2.71928e-207 -2.99438e-208
-3.28065e-209 -3.57614e-210 -3.87856e-211 -4.18530e-212 -4.49350e-213 -4.80002e-214
-5.10155e-215 -5.39464e-216 -5.67576e-217 -5.94137e-218 -6.18799e-219 -6.41231e-220
-6.61120e-221 -6.78183e-222 -6.92174e-223 -7.02885e-224 -7.10157e-225 -7.13881e-226
-7.14001e-227 -7.10514e-228 -7.03474e-229 -6.92986e-230 -6.79207e-231 -6.62341e-232
-6.42631e-233 -6.20360e-234 -5.95836e-235 -5.69392e-236 -5.41374e-237 -5.12135e-238
-4.82029e-239 -4.51402e-240 -4.20587e-241 -3.89896e-242 -3.59619e-243 -3.30019e-244
-3.01326e-245 -2.73739e-246 -2.47421e-247 -2.22505e-248 -1.99087e-249 -1.77235e-250
-1.56984e-251 -1.38346e-252 -1.21304e-253 -1.05825e-254 -9.18548e-256 -7.93263e-257
-6.81608e-258 -5.82712e-259 -4.95649e-260 -4.19466e-261 -3.53201e-262 -2.95902e-263
-2.46647e-264 -2.04553e-265 -1.68786e-266 -1.38570e-267 -1.13189e-268 -9.19905e-270
-7.43844e-271 -5.98443e-272 -4.79034e-273 -3.81514e-274 -3.02314e-275 -2.38345e-276
-1.86964e-277 -1.45918e-278 -1.13309e-279 -8.75431e-281 -6.72947e-282 -5.14685e-283
-3.91656e-284 -2.96531e-285 -2.23376e-286 -1.67419e-287 -1.24847e-288 -9.26297e-290
-6.83795e-291 -5.02231e-292 -3.67015e-293 -2.66849e-294 -1.93041e-295 -1.38943e-296
-9.95004e-298 -7.08951e-299 -5.02584e-300 -3.54490e-301 -2.48772e-302 -1.73701e-303
-1.20671e-304 -8.34082e-306 -5.73608e-307 -3.92486e-308 -2.67200e-309 -1.80988e-310
-1.21974e-311 -8.17870e-313 -5.45639e-314 -3.62183e-315 -2.39194e-316 -1.57145e-317
-1.02961e-318 -6.59627e-320 -7.35664e-321  -0.00000e+00  -0.00000e+00  -0.00000e+00
 -0.00000e+00  -0.00000e+00  -0.00000e+00  -0.00000e+00  -0.00000e+00  -0.00000e+00
 -0.00000e+00  -0.00000e+00  -0.00000e+00  -0.00000e+00  -0.00000e+00  -0.00000e+00
 -0.00000e+00  -0.00000e+00  -0.00000e+00  -0.00000e+00  -0.00000e+00  -0.00000e+00
 -0.00000e+00  -0.00000e+00  -0.00000e+00  -0.00000e+00  -0.00000e+00  -0.00000e+00
 -0.00000e+00  -0.00000e+00  -0.00000e+00  -0.00000e+00  -0.00000e+00  -0.00000e+00
 -0.00000e+00  -0.00000e+00  -0.00000e+00  -0.00000e+00  -0.00000e+00  -0.00000e+00
 -0.00000e+00  -0.00000e+00  -0.00000e+00  -0.00000e+00  -0.00000e+00  -0.00000e+00
 -0.00000e+00  -0.00000e+00  -0.00000e+00  -0.00000e+00  -0.00000e+00  -0.00000e+00
 -0.00000e+00  -0.00000e+00  -0.00000e+00  -0.00000e+00  -0.00000e+00  -0.00000e+00
 -0.00000e+00  -0.00000e+00  -0.00000e+00  -0.00000e+00  -0.00000e+00  -0.00000e+00
 -0.00000e+00  -0.00000e+00  -0.00000e+00  -0.00000e+00  -0.00000e+00  -0.00000e+00
 -0.00000e+00  -0.00000e+00  -0.00000e+00  -0.00000e+00  -0.00000e+00  -0.00000e+00
 -0.00000e+00  -0.00000e+00  -0.00000e+00  -0.00000e+00  -0.00000e+00  -0.00000e+00
 -0.00000e+00  -0.00000e+00  -0.00000e+00  -0.00000e+00  -0.00000e+00  -0.00000e+00
 -0.00000e+00  -0.00000e+00  -0.00000e+00  -0.00000e+00  -0.00000e+00  -0.00000e+00
 -0.00000e+00  -0.00000e+00  -0.00000e+00  -0.00000e+00  -0.00000e+00  -0.00000e+00
 -0.00000e+00  -0.00000e+00  -0.00000e+00  -0.00000e+00  -0.00000e+00  -0.00000e+00
 -0.00000e+00  -0.00000e+00  -0.00000e+00  -0.00000e+00  -0.00000e+00  -0.00000e+00
 -0.00000e+00  -0.00000e+00  -0.00000e+00  -0.00000e+00  -0.00000e+00  -0.00000e+00
 -0.00000e+00  -0.00000e+00  -0.00000e+00  -0.00000e+00  -0.00000e+00  -0.00000e+00
 -0.00000e+00  -0.00000e+00  -0.00000e+00  -0.00000e+00  -0.00000e+00  -0.00000e+00
 -0.00000e+00  -0.00000e+00  -0.00000e+00  -0.00000e+00  -0.00000e+00  -0.00000e+00
 -0.00000e+00  -0.00000e+00  -0.00000e+00  -0.00000e+00  -0.00000e+00  -0.00000e+00
 -0.00000e+00  -0.00000e+00  -0.00000e+00  -0.00000e+00  -0.00000e+00  -0.00000e+00
 -0.00000e+00  -0.00000e+00  -0.00000e+00  -0.00000e+00  -0.00000e+00  -0.00000e+00
 -0.00000e+00  -0.00000e+00  -0.00000e+00  -0.00000e+00  -0.00000e+00  -0.00000e+00
 -0.00000e+00  -0.00000e+00  -0.00000e+00  -0.00000e+00  -0.00000e+00  -0.00000e+00
 -0.00000e+00  -0.00000e+00  -0.00000e+00  -0.00000e+00  -0.00000e+00  -0.00000e+00
 -0.00000e+00  -0.00000e+00  -0.00000e+00  -0.00000e+00  -0.00000e+00  -0.00000e+00
 -0.00000e+00  -0.00000e+00  -0.00000e+00  -0.00000e+00  -0.00000e+00  -0.00000e+00
 -0.00000e+00  -0.00000e+00  -0.00000e+00  -0.00000e+00  -0.00000e+00  -0.00000e+00
 -0.00000e+00  -0.00000e+00  -0.00000e+00  -0.00000e+00  -0.00000e+00  -0.00000e+00
 -0.00000e+00  -0.00000e+00  -0.00000e+00  -0.00000e+00  -0.00000e+00  -0.00000e+00
 -0.00000e+00  -0.00000e+00  -0.00000e+00  -0.00000e+00  -0.00000e+00  -0.00000e+00
 -0.00000e+00  -0.00000e+00  -0.00000e+00  -0.00000e+00  -0.00000e+00  -0.00000e+00
 -0.00000e+00  -0.00000e+00  -0.00000e+00  -0.00000e+00  -0.00000e+00  -0.00000e+00
 -0.00000e+00  -0.00000e+00  -0.00000e+00  -0.00000e+00  -0.00000e+00  -0.00000e+00
 -0.00000e+00  -0.00000e+00  -0.00000e+00  -0.00000e+00  -0.00000e+00  -0.00000e+00
 -0.00000e+00  -0.00000e+00  -0.00000e+00  -0.00000e+00  -0.00000e+00  -0.00000e+00
 -0.00000e+00  -0.00000e+00  -0.00000e+00  -0.00000e+00  -0.00000e+00  -0.00000e+00
 -0.00000e+00  -0.00000e+00  -0.00000e+00  -0.00000e+00  -0.00000e+00  -0.00000e+00
 -0.00000e+00  -0.00000e+00  -0.00000e+00  -0.00000e+00  -0.00000e+00  -0.00000e+00
 -0.00000e+00  -0.00000e+00  -0.00000e+00  -0.00000e+00  -0.00000e+00  -0.00000e+00
 -0.00000e+00  -0.00000e+00  -0.00000e+00  -0.00000e+00  -0.00000e+00  -0.00000e+00
 -0.00000e+00  -0.00000e+00  -0.00000e+00  -0.00000e+00  -0.00000e+00  -0.00000e+00
 -0.00000e+00  -0.00000e+00  -0.00000e+00  -0.00000e+00  -0.00000e+00  -0.00000e+00
 -0.00000e+00  -0.00000e+00  -0.00000e+00  -0.00000e+00  -0.00000e+00  -0.00000e+00
 -0.00000e+00  -0.00000e+00  -0.00000e+00  -0.00000e+00  -0.00000e+00  -0.00000e+00
 -0.00000e+00  -0.00000e+00  -0.00000e+00  -0.00000e+00  -0.00000e+00  -0.00000e+00
 -0.00000e+00  -0.00000e+00  -0.00000e+00  -0.00000e+00  -0.00000e+00  -0.00000e+00
 -0.00000e+00  -0.00000e+00  -0.00000e+00  -0.00000e+00  -0.00000e+00  -0.00000e+00
 -0.00000e+00  -0.00000e+00  -0.00000e+00  -0.00000e+00  -0.00000e+00  -0.00000e+00
 -0.00000e+00  -0.00000e+00  -0.00000e+00  -0.00000e+00  -0.00000e+00  -0.00000e+00
 -0.00000e+00  -0.00000e+00  -0.00000e+00  -0.00000e+00  -0.00000e+00  -0.00000e+00
 -0.00000e+00  -0.00000e+00  -0.00000e+00  -0.00000e+00  -0.00000e+00  -0.00000e+00
 -0.00000e+00  -0.00000e+00  -0.00000e+00  -0.00000e+00  -0.00000e+00  -0.00000e+00
 -0.00000e+00  -0.00000e+00  -0.00000e+00  -0.00000e+00  -0.00000e+00  -0.00000e+00
 -0.00000e+00  -0.00000e+00  -0.00000e+00  -0.00000e+00  -0.00000e+00  -0.00000e+00
 -0.00000e+00  -0.00000e+00  -0.00000e+00  -0.00000e+00  -0.00000e+00  -0.00000e+00
 -0.00000e+00  -0.00000e+00  -0.00000e+00  -0.00000e+00  -0.00000e+00  -0.00000e+00
 -0.00000e+00  -0.00000e+00  -0.00000e+00  -0.00000e+00  -0.00000e+00  -0.00000e+00
 -0.00000e+00  -0.00000e+00  -0.00000e+00  -0.00000e+00  -0.00000e+00  -0.00000e+00
 -0.00000e+00  -0.00000e+00  -0.00000e+00  -0.00000e+00  -0.00000e+00  -0.00000e+00
 -0.00000e+00  -0.00000e+00  -0.00000e+00  -0.00000e+00  -0.00000e+00  -0.00000e+00
 -0.00000e+00  -0.00000e+00  -0.00000e+00  -0.00000e+00  -0.00000e+00  -0.00000e+00
 -0.00000e+00  -0.00000e+00  -0.00000e+00  -0.00000e+00  -0.00000e+00  -0.00000e+00
 -0.00000e+00  -0.00000e+00  -0.00000e+00  -0.00000e+00  -0.00000e+00  -0.00000e+00
 -0.00000e+00  -0.00000e+00  -0.00000e+00  -0.00000e+00  -0.00000e+00  -0.00000e+00
 -0.00000e+00  -0.00000e+00  -0.00000e+00  -0.00000e+00  -0.00000e+00  -0.00000e+00
 -0.00000e+00  -0.00000e+00  -0.00000e+00  -0.00000e+00  -0.00000e+00  -0.00000e+00
 -0.00000e+00  -0.00000e+00  -0.00000e+00  -0.00000e+00  -0.00000e+00  -0.00000e+00
 -0.00000e+00  -0.00000e+00  -0.00000e+00  -0.00000e+00  -0.00000e+00  -0.00000e+00
 -0.00000e+00  -0.00000e+00  -0.00000e+00  -0.00000e+00  -0.00000e+00  -0.00000e+00
 -0.00000e+00  -0.00000e+00  -0.00000e+00  -0.00000e+00  -0.00000e+00  -0.00000e+00
 -0.00000e+00  -0.00000e+00  -0.00000e+00  -0.00000e+00  -0.00000e+00  -0.00000e+00
 -0.00000e+00  -0.00000e+00  -0.00000e+00  -0.00000e+00  -0.00000e+00  -0.00000e+00
 -0.00000e+00  -0.00000e+00  -0.00000e+00  -0.00000e+00  -0.00000e+00  -0.00000e+00
 -0.00000e+00  -0.00000e+00  -0.00000e+00  -0.00000e+00  -0.00000e+00  -0.00000e+00
 -0.00000e+00  -0.00000e+00  -0.00000e+00  -0.00000e+00  -0.00000e+00  -0.00000e+00
 -0.00000e+00  -0.00000e+00  -0.00000e+00  -0.00000e+00  -0.00000e+00  -0.00000e+00
 -0.00000e+00  -0.00000e+00  -0.00000e+00  -0.00000e+00  -0.00000e+00  -0.00000e+00
 -0.00000e+00  -0.00000e+00  -0.00000e+00  -0.00000e+00  -0.00000e+00  -0.00000e+00
 -0.00000e+00  -0.00000e+00  -0.00000e+00  -0.00000e+00  -0.00000e+00  -0.00000e+00
 -0.00000e+00  -0.00000e+00  -0.00000e+00  -0.00000e+00  -0.00000e+00  -0.00000e+00
 -0.00000e+00  -0.00000e+00  -0.00000e+00  -0.00000e+00  -0.00000e+00  -0.00000e+00
 -0.00000e+00  -0.00000e+00  -0.00000e+00  -0.00000e+00  -0.00000e+00  -0.00000e+00
 -0.00000e+00  -0.00000e+00  -0.00000e+00  -0.00000e+00  -0.00000e+00  -0.00000e+00
 -0.00000e+00  -0.00000e+00  -0.00000e+00  -0.00000e+00  -0.00000e+00  -0.00000e+00
 -0.00000e+00  -0.00000e+00  -0.00000e+00  -0.00000e+00  -0.00000e+00  -0.00000e+00
 -0.00000e+00  -0.00000e+00  -0.00000e+00  -0.00000e+00  -0.00000e+00  -0.00000e+00
 -0.00000e+00  -0.00000e+00  -0.00000e+00  -0.00000e+00  -0.00000e+00  -0.00000e+00
 -0.00000e+00  -0.00000e+00  -0.00000e+00  -0.00000e+00  -0.00000e+00  -0.00000e+00
 -0.00000e+00  -0.00000e+00  -0.00000e+00  -0.00000e+00  -0.00000e+00  -0.00000e+00
 -0.00000e+00  -0.00000e+00  -0.00000e+00  -0.00000e+00  -0.00000e+00  -0.00000e+00
 -0.00000e+00  -0.00000e+00  -0.00000e+00  -0.00000e+00  -0.00000e+00  -0.00000e+00
 -0.00000e+00  -0.00000e+00  -0.00000e+00  -0.00000e+00  -0.00000e+00  -0.00000e+00
 -0.00000e+00  -0.00000e+00  -0.00000e+00  -0.00000e+00  -0.00000e+00  -0.00000e+00
 -0.00000e+00  -0.00000e+00  -0.00000e+00  -0.00000e+00  -0.00000e+00  -0.00000e+00
 -0.00000e+00  -0.00000e+00  -0.00000e+00  -0.00000e+00  -0.00000e+00  -0.00000e+00
 -0.00000e+00  -0.00000e+00  -0.00000e+00  -0.00000e+00  -0.00000e+00  -0.00000e+00
 -0.00000e+00  -0.00000e+00  -0.00000e+00  -0.00000e+00  -0.00000e+00  -0.00000e+00
 -0.00000e+00  -0.00000e+00  -0.00000e+00  -0.00000e+00  -0.00000e+00  -0.00000e+00
 -0.00000e+00  -0.00000e+00  -0.00000e+00  -0.00000e+00  -0.00000e+00  -0.00000e+00
 -0.00000e+00  -0.00000e+00  -0.00000e+00  -0.00000e+00  -0.00000e+00  -0.00000e+00
 -0.00000e+00  -0.00000e+00  -0.00000e+00  -0.00000e+00  -0.00000e+00  -0.00000e+00
 -0.00000e+00  -0.00000e+00  -0.00000e+00  -0.00000e+00  -0.00000e+00  -0.00000e+00
 -0.00000e+00  -0.00000e+00  -0.00000e+00  -0.00000e+00  -0.00000e+00  -0.00000e+00
 -0.00000e+00  -0.00000e+00  -0.00000e+00  -0.00000e+00  -0.00000e+00  -0.00000e+00
 -0.00000e+00  -0.00000e+00  -0.00000e+00  -0.00000e+00  -0.00000e+00  -0.00000e+00
 -0.00000e+00  -0.00000e+00  -0.00000e+00  -0.00000e+00  -0.00000e+00  -0.00000e+00
 -0.00000e+00  -0.00000e+00  -0.00000e+00  -0.00000e+00  -0.00000e+00  -0.00000e+00
 -0.00000e+00  -0.00000e+00  -0.00000e+00  -0.00000e+00  -0.00000e+00  -0.00000e+00
 -0.00000e+00  -0.00000e+00  -0.00000e+00  -0.00000e+00  -0.00000e+00  -0.00000e+00
 -0.00000e+00  -0.00000e+00  -0.00000e+00  -0.00000e+00  -0.00000e+00  -0.00000e+00
 -0.00000e+00  -0.00000e+00  -0.00000e+00  -0.00000e+00  -0.00000e+00  -0.00000e+00
 -0.00000e+00  -0.00000e+00  -0.00000e+00  -0.00000e+00  -0.00000e+00  -0.00000e+00
 -0.00000e+00  -0.00000e+00  -0.00000e+00  -0.00000e+00  -0.00000e+00  -0.00000e+00
 -0.00000e+00  -0.00000e+00  -0.00000e+00  -0.00000e+00  -0.00000e+00  -0.00000e+00
 -0.00000e+00  -0.00000e+00  -0.00000e+00  -0.00000e+00  -0.00000e+00  -0.00000e+00
 -0.00000e+00  -0.00000e+00  -0.00000e+00  -0.00000e+00  -0.00000e+00  -0.00000e+00
 -0.00000e+00  -0.00000e+00  -0.00000e+00  -0.00000e+00  -0.00000e+00  -0.00000e+00
 -0.00000e+00  -0.00000e+00  -0.00000e+00  -0.00000e+00  -0.00000e+00  -0.00000e+00
 -0.00000e+00  -0.00000e+00  -0.00000e+00  -0.00000e+00  -0.00000e+00  -0.00000e+00
 -0.00000e+00  -0.00000e+00  -0.00000e+00  -0.00000e+00  -0.00000e+00  -0.00000e+00
 -0.00000e+00  -0.00000e+00  -0.00000e+00  -0.00000e+00  -0.00000e+00  -0.00000e+00
 -0.00000e+00  -0.00000e+00  -0.00000e+00  -0.00000e+00  -0.00000e+00  -0.00000e+00
 -0.00000e+00  -0.00000e+00  -0.00000e+00  -0.00000e+00  -0.00000e+00  -0.00000e+00
 -0.00000e+00  -0.00000e+00  -0.00000e+00  -0.00000e+00  -0.00000e+00  -0.00000e+00
 -0.00000e+00  -0.00000e+00  -0.00000e+00  -0.00000e+00  -0.00000e+00  -0.00000e+00
 -0.00000e+00  -0.00000e+00  -0.00000e+00  -0.00000e+00  -0.00000e+00  -0.00000e+00
 -0.00000e+00  -0.00000e+00  -0.00000e+00  -0.00000e+00  -0.00000e+00  -0.00000e+00
 -0.00000e+00  -0.00000e+00  -0.00000e+00  -0.00000e+00  -0.00000e+00  -0.00000e+00
 -0.00000e+00  -0.00000e+00  -0.00000e+00  -0.00000e+00  -0.00000e+00  -0.00000e+00
 -0.00000e+00  -0.00000e+00  -0.00000e+00  -0.00000e+00  -0.00000e+00  -0.00000e+00
 -0.00000e+00  -0.00000e+00  -0.00000e+00  -0.00000e+00  -0.00000e+00  -0.00000e+00
 -0.00000e+00  -0.00000e+00  -0.00000e+00  -0.00000e+00  -0.00000e+00  -0.00000e+00
 -0.00000e+00  -0.00000e+00  -0.00000e+00  -0.00000e+00  -0.00000e+00  -0.00000e+00
 -0.00000e+00  -0.00000e+00  -0.00000e+00  -0.00000e+00  -0.00000e+00  -0.00000e+00
 -0.00000e+00  -0.00000e+00  -0.00000e+00  -0.00000e+00  -0.00000e+00  -0.00000e+00
 -0.00000e+00  -0.00000e+00  -0.00000e+00  -0.00000e+00  -0.00000e+00  -0.00000e+00
 -0.00000e+00  -0.00000e+00  -0.00000e+00  -0.00000e+00  -0.00000e+00  -0.00000e+00
 -0.00000e+00  -0.00000e+00  -0.00000e+00  -0.00000e+00  -0.00000e+00  -0.00000e+00
 -0.00000e+00  -0.00000e+00  -0.00000e+00  -0.00000e+00  -0.00000e+00  -0.00000e+00
 -0.00000e+00  -0.00000e+00  -0.00000e+00  -0.00000e+00  -0.00000e+00  -0.00000e+00
 -0.00000e+00  -0.00000e+00  -0.00000e+00  -0.00000e+00  -0.00000e+00  -0.00000e+00
 -0.00000e+00  -0.00000e+00  -0.00000e+00  -0.00000e+00  -0.00000e+00  -0.00000e+00
 -0.00000e+00  -0.00000e+00  -0.00000e+00  -0.00000e+00  -0.00000e+00  -0.00000e+00
 -0.00000e+00  -0.00000e+00  -0.00000e+00  -0.00000e+00  -0.00000e+00  -0.00000e+00
 -0.00000e+00  -0.00000e+00  -0.00000e+00  -0.00000e+00  -0.00000e+00  -0.00000e+00
 -0.00000e+00  -0.00000e+00  -0.00000e+00  -0.00000e+00  -0.00000e+00  -0.00000e+00
 -0.00000e+00  -0.00000e+00  -0.00000e+00  -0.00000e+00  -0.00000e+00  -0.00000e+00
 -0.00000e+00  -0.00000e+00  -0.00000e+00  -0.00000e+00  -0.00000e+00  -0.00000e+00
 -0.00000e+00  -0.00000e+00  -0.00000e+00  -0.00000e+00  -0.00000e+00  -0.00000e+00
 -0.00000e+00  -0.00000e+00  -0.00000e+00  -0.00000e+00  -0.00000e+00  -0.00000e+00
 -0.00000e+00  -0.00000e+00  -0.00000e+00  -0.00000e+00  -0.00000e+00  -0.00000e+00
 -0.00000e+00  -0.00000e+00  -0.00000e+00  -0.00000e+00  -0.00000e+00  -0.00000e+00
 -0.00000e+00  -0.00000e+00  -0.00000e+00  -0.00000e+00  -0.00000e+00  -0.00000e+00
 -0.00000e+00  -0.00000e+00  -0.00000e+00  -0.00000e+00  -0.00000e+00  -0.00000e+00
 -0.00000e+00  -0.00000e+00  -0.00000e+00  -0.00000e+00  -0.00000e+00  -0.00000e+00
 -0.00000e+00  -0.00000e+00  -0.00000e+00  -0.00000e+00  -0.00000e+00  -0.00000e+00
 -0.00000e+00  -0.00000e+00  -0.00000e+00  -0.00000e+00  -0.00000e+00  -0.00000e+00
 -0.00000e+00  -0.00000e+00  -0.00000e+00  -0.00000e+00  -0.00000e+00  -0.00000e+00
 -0.00000e+00  -0.00000e+00  -0.00000e+00  -0.00000e+00  -0.00000e+00  -0.00000e+00
 -0.00000e+00  -0.00000e+00  -0.00000e+00  -0.00000e+00  -0.00000e+00  -0.00000e+00
 -0.00000e+00  -0.00000e+00  -0.00000e+00  -0.00000e+00  -0.00000e+00  -0.00000e+00
 -0.00000e+00  -0.00000e+00  -0.00000e+00  -0.00000e+00  -0.00000e+00  -0.00000e+00
 -0.00000e+00  -0.00000e+00  -0.00000e+00  -0.00000e+00  -0.00000e+00  -0.00000e+00
 -0.00000e+00  -0.00000e+00  -0.00000e+00  -0.00000e+00  -0.00000e+00  -0.00000e+00
 -0.00000e+00  -0.00000e+00  -0.00000e+00  -0.00000e+00  -0.00000e+00  -0.00000e+00
 -0.00000e+00  -0.00000e+00  -0.00000e+00  -0.00000e+00  -0.00000e+00  -0.00000e+00
 -0.00000e+00  -0.00000e+00  -0.00000e+00  -0.00000e+00  -0.00000e+00  -0.00000e+00
 -0.00000e+00  -0.00000e+00  -0.00000e+00  -0.00000e+00  -0.00000e+00  -0.00000e+00
 -0.00000e+00  -0.00000e+00  -0.00000e+00  -0.00000e+00  -0.00000e+00  -0.00000e+00
 -0.00000e+00  -0.00000e+00  -0.00000e+00  -0.00000e+00  -0.00000e+00  -0.00000e+00
 -0.00000e+00  -0.00000e+00  -0.00000e+00  -0.00000e+00  -0.00000e+00  -0.00000e+00
 -0.00000e+00  -0.00000e+00  -0.00000e+00  -0.00000e+00  -0.00000e+00  -0.00000e+00
 -0.00000e+00  -0.00000e+00  -0.00000e+00  -0.00000e+00  -0.00000e+00  -0.00000e+00
 -0.00000e+00  -0.00000e+00  -0.00000e+00  -0.00000e+00  -0.00000e+00  -0.00000e+00
 -0.00000e+00  -0.00000e+00  -0.00000e+00  -0.00000e+00  -0.00000e+00  -0.00000e+00
 -0.00000e+00  -0.00000e+00  -0.00000e+00  -0.00000e+00  -0.00000e+00  -0.00000e+00
 -0.00000e+00  -0.00000e+00  -0.00000e+00  -0.00000e+00  -0.00000e+00  -0.00000e+00
 -0.00000e+00  -0.00000e+00  -0.00000e+00  -0.00000e+00  -0.00000e+00  -0.00000e+00
 -0.00000e+00  -0.00000e+00  -0.00000e+00  -0.00000e+00  -0.00000e+00  -0.00000e+00
 -0.00000e+00  -0.00000e+00  -0.00000e+00  -0.00000e+00  -0.00000e+00  -0.00000e+00
 -0.00000e+00  -0.00000e+00  -0.00000e+00  -0.00000e+00  -0.00000e+00  -0.00000e+00
 -0.00000e+00  -0.00000e+00  -0.00000e+00  -0.00000e+00  -0.00000e+00  -0.00000e+00
 -0.00000e+00  -0.00000e+00  -0.00000e+00  -0.00000e+00  -0.00000e+00  -0.00000e+00
 -0.00000e+00  -0.00000e+00  -0.00000e+00  -0.00000e+00  -0.00000e+00  -0.00000e+00
 -0.00000e+00  -0.00000e+00  -0.00000e+00  -0.00000e+00  -0.00000e+00  -0.00000e+00
 -0.00000e+00  -0.00000e+00  -0.00000e+00  -0.00000e+00  -0.00000e+00  -0.00000e+00
 -0.00000e+00  -0.00000e+00  -0.00000e+00  -0.00000e+00  -0.00000e+00  -0.00000e+00
 -0.00000e+00  -0.00000e+00  -0.00000e+00  -0.00000e+00  -0.00000e+00  -0.00000e+00
 -0.00000e+00  -0.00000e+00  -0.00000e+00  -0.00000e+00  -0.00000e+00  -0.00000e+00
 -0.00000e+00  -0.00000e+00  -0.00000e+00  -0.00000e+00  -0.00000e+00  -0.00000e+00
 -0.00000e+00  -0.00000e+00  -0.00000e+00  -0.00000e+00  -0.00000e+00  -0.00000e+00
 -0.00000e+00  -0.00000e+00  -0.00000e+00  -0.00000e+00  -0.00000e+00  -0.00000e+00
 -0.00000e+00  -0.00000e+00  -0.00000e+00  -0.00000e+00  -0.00000e+00  -0.00000e+00
 -0.00000e+00  -0.00000e+00  -0.00000e+00  -0.00000e+00  -0.00000e+00  -0.00000e+00
 -0.00000e+00  -0.00000e+00  -0.00000e+00  -0.00000e+00  -0.00000e+00  -0.00000e+00
 -0.00000e+00  -0.00000e+00  -0.00000e+00  -0.00000e+00  -0.00000e+00  -0.00000e+00
 -0.00000e+00  -0.00000e+00  -0.00000e+00  -0.00000e+00  -0.00000e+00  -0.00000e+00
 -0.00000e+00  -0.00000e+00  -0.00000e+00  -0.00000e+00  -0.00000e+00  -0.00000e+00
 -0.00000e+00  -0.00000e+00  -0.00000e+00  -0.00000e+00  -0.00000e+00  -0.00000e+00
 -0.00000e+00  -0.00000e+00  -0.00000e+00  -0.00000e+00  -0.00000e+00  -0.00000e+00
 -0.00000e+00  -0.00000e+00  -0.00000e+00  -0.00000e+00  -0.00000e+00  -0.00000e+00
 -0.00000e+00  -0.00000e+00  -0.00000e+00  -0.00000e+00  -0.00000e+00  -0.00000e+00
 -0.00000e+00  -0.00000e+00  -0.00000e+00  -0.00000e+00  -0.00000e+00  -0.00000e+00
 -0.00000e+00  -0.00000e+00  -0.00000e+00  -0.00000e+00  -0.00000e+00  -0.00000e+00
 -0.00000e+00  -0.00000e+00  -0.00000e+00  -0.00000e+00  -0.00000e+00  -0.00000e+00
 -0.00000e+00  -0.00000e+00  -0.00000e+00  -0.00000e+00  -0.00000e+00  -0.00000e+00
 -0.00000e+00  -0.00000e+00  -0.00000e+00  -0.00000e+00  -0.00000e+00  -0.00000e+00
 -0.00000e+00  -0.00000e+00  -0.00000e+00  -0.00000e+00  -0.00000e+00  -0.00000e+00
 -0.00000e+00  -0.00000e+00  -0.00000e+00  -0.00000e+00  -0.00000e+00  -0.00000e+00
 -0.00000e+00  -0.00000e+00  -0.00000e+00  -0.00000e+00  -0.00000e+00  -0.00000e+00
 -0.00000e+00  -0.00000e+00  -0.00000e+00  -0.00000e+00  -0.00000e+00  -0.00000e+00
 -0.00000e+00  -0.00000e+00  -0.00000e+00  -0.00000e+00  -0.00000e+00  -0.00000e+00
 -0.00000e+00  -0.00000e+00  -0.00000e+00  -0.00000e+00  -0.00000e+00  -0.00000e+00
 -0.00000e+00  -0.00000e+00  -0.00000e+00  -0.00000e+00  -0.00000e+00  -0.00000e+00
 -0.00000e+00  -0.00000e+00  -0.00000e+00  -0.00000e+00  -0.00000e+00  -0.00000e+00
 -0.00000e+00  -0.00000e+00  -0.00000e+00  -0.00000e+00  -0.00000e+00  -0.00000e+00
 -0.00000e+00  -0.00000e+00  -0.00000e+00  -0.00000e+00  -0.00000e+00  -0.00000e+00
 -0.00000e+00  -0.00000e+00
