my_srf     txt 
2000  8.00000e-02 0 0  0.00000e+00  0.00000e+00  0.00000e+00  0.00000e+00
  5.07828e-14   2.85773e-07   3.12330e-06   1.69033e-05   6.11210e-05   1.68100e-04
  3.79367e-04   7.39319e-04   1.29041e-03   2.07120e-03   3.11600e-03   4.45481e-03
  6.11327e-03   8.11268e-03   1.04700e-02   1.31978e-02   1.63046e-02   1.97944e-02
  2.36674e-02   2.79193e-02   3.25425e-02   3.75250e-02   4.28516e-02   4.85033e-02
  5.44579e-02   6.06900e-02   6.71712e-02   7.38703e-02   8.07535e-02   8.77849e-02
  9.49260e-02   1.02137e-01   1.09375e-01   1.16598e-01   1.23761e-01   1.30818e-01
  1.37723e-01   1.44429e-01   1.50889e-01   1.57056e-01   1.62884e-01   1.68325e-01
  1.73334e-01   1.77867e-01   1.81879e-01   1.85327e-01   1.88173e-01   1.90375e-01
  1.91896e-01   1.92703e-01   1.92761e-01   1.92041e-01   1.90515e-01   1.88158e-01
  1.84947e-01   1.80863e-01   1.75891e-01   1.70017e-01   1.63232e-01   1.55529e-01
  1.46906e-01   1.37363e-01   1.26905e-01   1.15538e-01   1.03274e-01   9.01279e-02
  7.61173e-02   6.12637e-02   4.55922e-02   2.91312e-02   1.19121e-02  -6.03006e-03
 -2.46574e-02  -4.39289e-02  -6.38007e-02  -8.42259e-02  -1.05155e-01  -1.26537e-01
 -1.48316e-01  -1.70437e-01  -1.92840e-01  -2.15465e-01  -2.38250e-01  -2.61131e-01
 -2.84043e-01  -3.06919e-01  -3.29693e-01  -3.52295e-01  -3.74658e-01  -3.96713e-01
 -4.18389e-01  -4.39619e-01  -4.60334e-01  -4.80464e-01  -4.99943e-01  -5.18703e-01
 -5.36679e-01  -5.53807e-01  -5.70022e-01  -5.85265e-01  -5.99475e-01  -6.12596e-01
 -6.24572e-01  -6.35350e-01  -6.44881e-01  -6.53116e-01  -6.60011e-01  -6.65525e-01
 -6.69619e-01  -6.72258e-01  -6.73410e-01  -6.73047e-01  -6.71145e-01  -6.67682e-01
 -6.62641e-01  -6.56009e-01  -6.47777e-01  -6.37939e-01  -6.26494e-01  -6.13444e-01
 -5.98796e-01  -5.82560e-01  -5.64751e-01  -5.45389e-01  -5.24495e-01  -5.02096e-01
 -4.78223e-01  -4.52911e-01  -4.26197e-01  -3.98123e-01  -3.68736e-01  -3.38084e-01
 -3.06219e-01  -2.73198e-01  -2.39079e-01  -2.03925e-01  -1.67800e-01  -1.30773e-01
 -9.29133e-02  -5.42940e-02  -1.49902e-02   2.49209e-02   6.53601e-02   1.06247e-01
  1.47498e-01   1.89030e-01   2.30758e-01   2.72595e-01   3.14456e-01   3.56253e-01
  3.97897e-01   4.39302e-01   4.80379e-01   5.21040e-01   5.61198e-01   6.00767e-01
  6.39660e-01   6.77794e-01   7.15085e-01   7.51450e-01   7.86809e-01   8.21084e-01
  8.54197e-01   8.86075e-01   9.16646e-01   9.45838e-01   9.73587e-01   9.99826e-01
  1.02450e+00   1.04754e+00   1.06890e+00   1.08852e+00   1.10636e+00   1.12238e+00
  1.13652e+00   1.14876e+00   1.15907e+00   1.16740e+00   1.17375e+00   1.17807e+00
  1.18037e+00   1.18062e+00   1.17882e+00   1.17496e+00   1.16904e+00   1.16106e+00
  1.15104e+00   1.13898e+00   1.12490e+00   1.10883e+00   1.09077e+00   1.07077e+00
  1.04885e+00   1.02505e+00   9.99416e-01   9.71981e-01   9.42794e-01   9.11908e-01
  8.79374e-01   8.45250e-01   8.09597e-01   7.72476e-01   7.33953e-01   6.94097e-01
  6.52979e-01   6.10671e-01   5.67250e-01   5.22793e-01   4.77380e-01   4.31091e-01
  3.84010e-01   3.36221e-01   2.87809e-01   2.38860e-01   1.89462e-01   1.39703e-01
  8.96705e-02   3.94538e-02  -1.08584e-02  -6.11773e-02  -1.11414e-01  -1.61482e-01
 -2.11292e-01  -2.60757e-01  -3.09793e-01  -3.58315e-01  -4.06238e-01  -4.53482e-01
 -4.99965e-01  -5.45609e-01  -5.90338e-01  -6.34076e-01  -6.76751e-01  -7.18294e-01
 -7.58635e-01  -7.97710e-01  -8.35457e-01  -8.71815e-01  -9.06728e-01  -9.40141e-01
 -9.72005e-01  -1.00227e+00  -1.03089e+00  -1.05783e+00  -1.08305e+00  -1.10652e+00
 -1.12819e+00  -1.14805e+00  -1.16608e+00  -1.18224e+00  -1.19653e+00  -1.20893e+00
 -1.21944e+00  -1.22803e+00  -1.23472e+00  -1.23950e+00  -1.24238e+00  -1.24337e+00
 -1.24247e+00  -1.23970e+00  -1.23507e+00  -1.22862e+00  -1.22036e+00  -1.21032e+00
 -1.19854e+00  -1.18503e+00  -1.16985e+00  -1.15302e+00  -1.13460e+00  -1.11461e+00
 -1.09312e+00  -1.07017e+00  -1.04580e+00  -1.02008e+00  -9.93058e-01  -9.64788e-01
 -9.35329e-01  -9.04742e-01  -8.73089e-01  -8.40431e-01  -8.06833e-01  -7.72359e-01
 -7.37075e-01  -7.01048e-01  -6.64344e-01  -6.27031e-01  -5.89176e-01  -5.50849e-01
 -5.12116e-01  -4.73046e-01  -4.33707e-01  -3.94166e-01  -3.54490e-01  -3.14746e-01
 -2.74999e-01  -2.35315e-01  -1.95757e-01  -1.56389e-01  -1.17271e-01  -7.84654e-02
 -4.00302e-02  -2.02357e-03   3.54985e-02   7.24816e-02   1.08873e-01   1.44622e-01
  1.79678e-01   2.13996e-01   2.47530e-01   2.80238e-01   3.12077e-01   3.43010e-01
  3.73001e-01   4.02014e-01   4.30019e-01   4.56985e-01   4.82886e-01   5.07696e-01
  5.31394e-01   5.53959e-01   5.75374e-01   5.95624e-01   6.14695e-01   6.32577e-01
  6.49263e-01   6.64746e-01   6.79023e-01   6.92093e-01   7.03956e-01   7.14617e-01
  7.24081e-01   7.32355e-01   7.39448e-01   7.45374e-01   7.50144e-01   7.53775e-01
  7.56283e-01   7.57689e-01   7.58012e-01   7.57276e-01   7.55503e-01   7.52720e-01
  7.48953e-01   7.44230e-01   7.38580e-01   7.32034e-01   7.24623e-01   7.16380e-01
  7.07338e-01   6.97531e-01   6.86995e-01   6.75763e-01   6.63873e-01   6.51361e-01
  6.38263e-01   6.24618e-01   6.10461e-01   5.95830e-01   5.80764e-01   5.65298e-01
  5.49471e-01   5.33320e-01   5.16880e-01   5.00190e-01   4.83284e-01   4.66198e-01
  4.48967e-01   4.31626e-01   4.14207e-01   3.96744e-01   3.79270e-01   3.61814e-01
  3.44408e-01   3.27080e-01   3.09860e-01   2.92774e-01   2.75848e-01   2.59109e-01
  2.42579e-01   2.26282e-01   2.10240e-01   1.94472e-01   1.78998e-01   1.63835e-01
  1.49002e-01   1.34512e-01   1.20380e-01   1.06619e-01   9.32411e-02   8.02556e-02
  6.76719e-02   5.54979e-02   4.37401e-02   3.24037e-02   2.14930e-02   1.10107e-02
  9.58784e-04  -8.66228e-03  -1.78530e-02  -2.66148e-02  -3.49505e-02  -4.28637e-02
 -5.03590e-02  -5.74419e-02  -6.41190e-02  -7.03976e-02  -7.62859e-02  -8.17927e-02
 -8.69278e-02  -9.17015e-02  -9.61249e-02  -1.00209e-01  -1.03967e-01  -1.07411e-01
 -1.10554e-01  -1.13410e-01  -1.15992e-01  -1.18314e-01  -1.20391e-01  -1.22238e-01
 -1.23870e-01  -1.25300e-01  -1.26545e-01  -1.27618e-01  -1.28536e-01  -1.29313e-01
 -1.29963e-01  -1.30501e-01  -1.30942e-01  -1.31300e-01  -1.31589e-01  -1.31822e-01
 -1.32012e-01  -1.32172e-01  -1.32316e-01  -1.32454e-01  -1.32598e-01  -1.32759e-01
 -1.32948e-01  -1.33175e-01  -1.33449e-01  -1.33778e-01  -1.34172e-01  -1.34637e-01
 -1.35180e-01  -1.35808e-01  -1.36526e-01  -1.37340e-01  -1.38253e-01  -1.39270e-01
 -1.40392e-01  -1.41623e-01  -1.42963e-01  -1.44415e-01  -1.45978e-01  -1.47651e-01
 -1.49434e-01  -1.51325e-01  -1.53322e-01  -1.55422e-01  -1.57622e-01  -1.59916e-01
 -1.62302e-01  -1.64773e-01  -1.67323e-01  -1.69948e-01  -1.72640e-01  -1.75392e-01
 -1.78197e-01  -1.81047e-01  -1.83933e-01  -1.86848e-01  -1.89782e-01  -1.92726e-01
 -1.95670e-01  -1.98606e-01  -2.01523e-01  -2.04412e-01  -2.07262e-01  -2.10064e-01
 -2.12807e-01  -2.15480e-01  -2.18074e-01  -2.20579e-01  -2.22984e-01  -2.25279e-01
 -2.27455e-01  -2.29501e-01  -2.31408e-01  -2.33167e-01  -2.34768e-01  -2.36202e-01
 -2.37462e-01  -2.38538e-01  -2.39422e-01  -2.40108e-01  -2.40587e-01  -2.40852e-01
 -2.40898e-01  -2.40719e-01  -2.40308e-01  -2.39660e-01  -2.38771e-01  -2.37637e-01
 -2.36255e-01  -2.34620e-01  -2.32730e-01  -2.30583e-01  -2.28178e-01  -2.25514e-01
 -2.22589e-01  -2.19405e-01  -2.15961e-01  -2.12259e-01  -2.08301e-01  -2.04088e-01
 -1.99623e-01  -1.94910e-01  -1.89953e-01  -1.84755e-01  -1.79322e-01  -1.73659e-01
 -1.67771e-01  -1.61665e-01  -1.55348e-01  -1.48826e-01  -1.42108e-01  -1.35201e-01
 -1.28113e-01  -1.20854e-01  -1.13432e-01  -1.05857e-01  -9.81384e-02  -9.02864e-02
 -8.23112e-02  -7.42234e-02  -6.60338e-02  -5.77533e-02  -4.93931e-02  -4.09644e-02
 -3.24789e-02  -2.39479e-02  -1.53832e-02  -6.79640e-03   1.80067e-03   1.03963e-02
  1.89787e-02   2.75362e-02   3.60570e-02   4.45297e-02   5.29426e-02   6.12845e-02
  6.95441e-02   7.77104e-02   8.57724e-02   9.37195e-02   1.01541e-01   1.09227e-01
  1.16768e-01   1.24154e-01   1.31375e-01   1.38422e-01   1.45287e-01   1.51962e-01
  1.58438e-01   1.64707e-01   1.70763e-01   1.76598e-01   1.82206e-01   1.87581e-01
  1.92717e-01   1.97610e-01   2.02253e-01   2.06643e-01   2.10776e-01   2.14649e-01
  2.18258e-01   2.21601e-01   2.24675e-01   2.27480e-01   2.30013e-01   2.32274e-01
  2.34263e-01   2.35979e-01   2.37424e-01   2.38597e-01   2.39501e-01   2.40137e-01
  2.40508e-01   2.40615e-01   2.40463e-01   2.40053e-01   2.39391e-01   2.38479e-01
  2.37323e-01   2.35927e-01   2.34296e-01   2.32435e-01   2.30350e-01   2.28047e-01
  2.25533e-01   2.22812e-01   2.19893e-01   2.16781e-01   2.13485e-01   2.10010e-01
  2.06365e-01   2.02557e-01   1.98593e-01   1.94482e-01   1.90231e-01   1.85848e-01
  1.81341e-01   1.76719e-01   1.71988e-01   1.67158e-01   1.62237e-01   1.57232e-01
  1.52152e-01   1.47004e-01   1.41797e-01   1.36538e-01   1.31235e-01   1.25897e-01
  1.20530e-01   1.15142e-01   1.09741e-01   1.04332e-01   9.89250e-02   9.35249e-02
  8.81389e-02   8.27735e-02   7.74349e-02   7.21294e-02   6.68627e-02   6.16404e-02
  5.64682e-02   5.13511e-02   4.62942e-02   4.13021e-02   3.63794e-02   3.15304e-02
  2.67589e-02   2.20689e-02   1.74637e-02   1.29466e-02   8.52063e-03   4.18853e-03
 -4.72147e-05  -4.18437e-03  -8.22094e-03  -1.21552e-02  -1.59855e-02  -1.97108e-02
 -2.33299e-02  -2.68420e-02  -3.02466e-02  -3.35433e-02  -3.67319e-02  -3.98125e-02
 -4.27853e-02  -4.56508e-02  -4.84096e-02  -5.10625e-02  -5.36106e-02  -5.60549e-02
 -5.83968e-02  -6.06377e-02  -6.27792e-02  -6.48229e-02  -6.67709e-02  -6.86249e-02
 -7.03870e-02  -7.20595e-02  -7.36444e-02  -7.51441e-02  -7.65611e-02  -7.78976e-02
 -7.91562e-02  -8.03394e-02  -8.14497e-02  -8.24897e-02  -8.34620e-02  -8.43692e-02
 -8.52138e-02  -8.59984e-02  -8.67257e-02  -8.73980e-02  -8.80179e-02  -8.85879e-02
 -8.91104e-02  -8.95878e-02  -9.00222e-02  -9.04161e-02  -9.07714e-02  -9.10905e-02
 -9.13751e-02  -9.16273e-02  -9.18490e-02  -9.20418e-02  -9.22074e-02  -9.23474e-02
 -9.24632e-02  -9.25562e-02  -9.26276e-02  -9.26787e-02  -9.27103e-02  -9.27235e-02
 -9.27190e-02  -9.26976e-02  -9.26599e-02  -9.26063e-02  -9.25374e-02  -9.24533e-02
 -9.23542e-02  -9.22402e-02  -9.21114e-02  -9.19675e-02  -9.18085e-02  -9.16339e-02
 -9.14434e-02  -9.12366e-02  -9.10128e-02  -9.07715e-02  -9.05120e-02  -9.02335e-02
 -8.99351e-02  -8.96161e-02  -8.92754e-02  -8.89121e-02  -8.85251e-02  -8.81135e-02
 -8.76760e-02  -8.72116e-02  -8.67190e-02  -8.61973e-02  -8.56451e-02  -8.50614e-02
 -8.44448e-02  -8.37944e-02  -8.31088e-02  -8.23869e-02  -8.16277e-02  -8.08301e-02
 -7.99929e-02  -7.91151e-02  -7.81958e-02  -7.72340e-02  -7.62288e-02  -7.51794e-02
 -7.40851e-02  -7.29450e-02  -7.17586e-02  -7.05253e-02  -6.92446e-02  -6.79160e-02
 -6.65393e-02  -6.51142e-02  -6.36405e-02  -6.21181e-02  -6.05470e-02  -5.89274e-02
 -5.72595e-02  -5.55434e-02  -5.37797e-02  -5.19688e-02  -5.01112e-02  -4.82078e-02
 -4.62591e-02  -4.42662e-02  -4.22300e-02  -4.01516e-02  -3.80321e-02  -3.58728e-02
 -3.36750e-02  -3.14402e-02  -2.91700e-02  -2.68660e-02  -2.45298e-02  -2.21633e-02
 -1.97683e-02  -1.73468e-02  -1.49008e-02  -1.24324e-02  -9.94382e-03  -7.43719e-03
 -4.91483e-03  -2.37908e-03   1.67666e-04   2.72297e-03   5.28435e-03   7.84928e-03
  1.04152e-02   1.29796e-02   1.55397e-02   1.80930e-02   2.06369e-02   2.31686e-02
  2.56855e-02   2.81849e-02   3.06643e-02   3.31208e-02   3.55520e-02   3.79550e-02
  4.03275e-02   4.26667e-02   4.49702e-02   4.72354e-02   4.94599e-02   5.16412e-02
  5.37771e-02   5.58650e-02   5.79029e-02   5.98885e-02   6.18196e-02   6.36942e-02
  6.55104e-02   6.72661e-02   6.89596e-02   7.05890e-02   7.21528e-02   7.36493e-02
  7.50770e-02   7.64345e-02   7.77206e-02   7.89339e-02   8.00734e-02   8.11380e-02
  8.21269e-02   8.30392e-02   8.38741e-02   8.46312e-02   8.53098e-02   8.59096e-02
  8.64302e-02   8.68715e-02   8.72334e-02   8.75158e-02   8.77190e-02   8.78430e-02
  8.78882e-02   8.78551e-02   8.77441e-02   8.75559e-02   8.72911e-02   8.69506e-02
  8.65352e-02   8.60460e-02   8.54839e-02   8.48502e-02   8.41460e-02   8.33727e-02
  8.25317e-02   8.16244e-02   8.06523e-02   7.96172e-02   7.85205e-02   7.73640e-02
  7.61496e-02   7.48791e-02   7.35543e-02   7.21771e-02   7.07496e-02   6.92738e-02
  6.77517e-02   6.61854e-02   6.45770e-02   6.29287e-02   6.12426e-02   5.95209e-02
  5.77659e-02   5.59796e-02   5.41643e-02   5.23223e-02   5.04557e-02   4.85668e-02
  4.66578e-02   4.47308e-02   4.27882e-02   4.08319e-02   3.88642e-02   3.68873e-02
  3.49032e-02   3.29139e-02   3.09216e-02   2.89283e-02   2.69359e-02   2.49464e-02
  2.29616e-02   2.09835e-02   1.90138e-02   1.70543e-02   1.51068e-02   1.31729e-02
  1.12542e-02   9.35231e-03   7.46871e-03   5.60489e-03   3.76223e-03   1.94209e-03
  1.45752e-04  -1.62555e-03  -3.37064e-03  -5.08841e-03  -6.77781e-03  -8.43783e-03
 -1.00675e-02  -1.16661e-02  -1.32326e-02  -1.47664e-02  -1.62667e-02  -1.77329e-02
 -1.91644e-02  -2.05607e-02  -2.19213e-02  -2.32458e-02  -2.45338e-02  -2.57851e-02
 -2.69993e-02  -2.81762e-02  -2.93157e-02  -3.04176e-02  -3.14820e-02  -3.25087e-02
 -3.34978e-02  -3.44493e-02  -3.53634e-02  -3.62402e-02  -3.70798e-02  -3.78825e-02
 -3.86485e-02  -3.93780e-02  -4.00715e-02  -4.07291e-02  -4.13514e-02  -4.19386e-02
 -4.24911e-02  -4.30094e-02  -4.34939e-02  -4.39451e-02  -4.43635e-02  -4.47495e-02
 -4.51036e-02  -4.54264e-02  -4.57183e-02  -4.59800e-02  -4.62118e-02  -4.64145e-02
 -4.65884e-02  -4.67342e-02  -4.68524e-02  -4.69435e-02  -4.70081e-02  -4.70467e-02
 -4.70599e-02  -4.70481e-02  -4.70119e-02  -4.69518e-02  -4.68683e-02  -4.67619e-02
 -4.66330e-02  -4.64822e-02  -4.63100e-02  -4.61167e-02  -4.59029e-02  -4.56689e-02
 -4.54151e-02  -4.51421e-02  -4.48501e-02  -4.45396e-02  -4.42109e-02  -4.38643e-02
 -4.35003e-02  -4.31191e-02  -4.27211e-02  -4.23066e-02  -4.18759e-02  -4.14291e-02
 -4.09668e-02  -4.04890e-02  -3.99960e-02  -3.94881e-02  -3.89656e-02  -3.84285e-02
 -3.78773e-02  -3.73120e-02  -3.67328e-02  -3.61401e-02  -3.55339e-02  -3.49145e-02
 -3.42820e-02  -3.36366e-02  -3.29786e-02  -3.23080e-02  -3.16251e-02  -3.09301e-02
 -3.02231e-02  -2.95043e-02  -2.87739e-02  -2.80321e-02  -2.72791e-02  -2.65151e-02
 -2.57404e-02  -2.49550e-02  -2.41593e-02  -2.33534e-02  -2.25377e-02  -2.17123e-02
 -2.08775e-02  -2.00336e-02  -1.91809e-02  -1.83196e-02  -1.74500e-02  -1.65725e-02
 -1.56874e-02  -1.47951e-02  -1.38958e-02  -1.29899e-02  -1.20779e-02  -1.11601e-02
 -1.02369e-02  -9.30877e-03  -8.37610e-03  -7.43935e-03  -6.49899e-03  -5.55549e-03
 -4.60933e-03  -3.66102e-03  -2.71107e-03  -1.76001e-03  -8.08373e-04   1.43286e-04
  1.09441e-03   2.04442e-03   2.99273e-03   3.93877e-03   4.88191e-03   5.82155e-03
  6.75708e-03   7.68786e-03   8.61327e-03   9.53267e-03   1.04454e-02   1.13509e-02
  1.22483e-02   1.31372e-02   1.40169e-02   1.48866e-02   1.57457e-02   1.65937e-02
  1.74297e-02   1.82533e-02   1.90636e-02   1.98602e-02   2.06423e-02   2.14094e-02
  2.21608e-02   2.28959e-02   2.36141e-02   2.43148e-02   2.49974e-02   2.56615e-02
  2.63063e-02   2.69314e-02   2.75363e-02   2.81205e-02   2.86834e-02   2.92246e-02
  2.97436e-02   3.02400e-02   3.07134e-02   3.11634e-02   3.15896e-02   3.19917e-02
  3.23693e-02   3.27221e-02   3.30499e-02   3.33523e-02   3.36292e-02   3.38803e-02
  3.41055e-02   3.43046e-02   3.44774e-02   3.46239e-02   3.47439e-02   3.48375e-02
  3.49046e-02   3.49451e-02   3.49591e-02   3.49467e-02   3.49079e-02   3.48429e-02
  3.47517e-02   3.46346e-02   3.44917e-02   3.43232e-02   3.41293e-02   3.39104e-02
  3.36666e-02   3.33984e-02   3.31059e-02   3.27897e-02   3.24500e-02   3.20873e-02
  3.17020e-02   3.12945e-02   3.08653e-02   3.04149e-02   2.99437e-02   2.94523e-02
  2.89413e-02   2.84112e-02   2.78625e-02   2.72959e-02   2.67119e-02   2.61112e-02
  2.54944e-02   2.48621e-02   2.42150e-02   2.35537e-02   2.28789e-02   2.21913e-02
  2.14916e-02   2.07805e-02   2.00586e-02   1.93267e-02   1.85854e-02   1.78355e-02
  1.70777e-02   1.63128e-02   1.55413e-02   1.47641e-02   1.39818e-02   1.31951e-02
  1.24049e-02   1.16116e-02   1.08162e-02   1.00191e-02   9.22125e-03   8.42317e-03
  7.62557e-03   6.82912e-03   6.03446e-03   5.24225e-03   4.45312e-03   3.66768e-03
  2.88656e-03   2.11035e-03   1.33963e-03   5.74990e-04  -1.83022e-04  -9.33857e-04
 -1.67698e-03  -2.41188e-03  -3.13805e-03  -3.85501e-03  -4.56227e-03  -5.25940e-03
 -5.94595e-03  -6.62150e-03  -7.28564e-03  -7.93799e-03  -8.57817e-03  -9.20582e-03
 -9.82062e-03  -1.04222e-02  -1.10104e-02  -1.15847e-02  -1.21451e-02  -1.26911e-02
 -1.32226e-02  -1.37394e-02  -1.42412e-02  -1.47279e-02  -1.51993e-02  -1.56553e-02
 -1.60957e-02  -1.65203e-02  -1.69292e-02  -1.73221e-02  -1.76991e-02  -1.80601e-02
 -1.84050e-02  -1.87337e-02  -1.90464e-02  -1.93429e-02  -1.96233e-02  -1.98876e-02
 -2.01359e-02  -2.03681e-02  -2.05844e-02  -2.07848e-02  -2.09694e-02  -2.11382e-02
 -2.12915e-02  -2.14293e-02  -2.15516e-02  -2.16587e-02  -2.17508e-02  -2.18278e-02
 -2.18900e-02  -2.19375e-02  -2.19706e-02  -2.19894e-02  -2.19940e-02  -2.19846e-02
 -2.19615e-02  -2.19249e-02  -2.18748e-02  -2.18116e-02  -2.17355e-02  -2.16466e-02
 -2.15453e-02  -2.14316e-02  -2.13058e-02  -2.11682e-02  -2.10190e-02  -2.08584e-02
 -2.06866e-02  -2.05039e-02  -2.03105e-02  -2.01066e-02  -1.98925e-02  -1.96685e-02
 -1.94346e-02  -1.91913e-02  -1.89387e-02  -1.86771e-02  -1.84067e-02  -1.81277e-02
 -1.78404e-02  -1.75451e-02  -1.72419e-02  -1.69311e-02  -1.66129e-02  -1.62876e-02
 -1.59554e-02  -1.56166e-02  -1.52713e-02  -1.49198e-02  -1.45624e-02  -1.41992e-02
 -1.38305e-02  -1.34566e-02  -1.30776e-02  -1.26938e-02  -1.23054e-02  -1.19127e-02
 -1.15158e-02  -1.11151e-02  -1.07106e-02  -1.03027e-02  -9.89154e-03  -9.47737e-03
 -9.06042e-03  -8.64089e-03  -8.21902e-03  -7.79503e-03  -7.36913e-03  -6.94155e-03
 -6.51250e-03  -6.08221e-03  -5.65089e-03  -5.21877e-03  -4.78606e-03  -4.35298e-03
 -3.91976e-03  -3.48661e-03  -3.05374e-03  -2.62139e-03  -2.18976e-03  -1.75907e-03
 -1.32955e-03  -9.01400e-04  -4.74850e-04  -5.01151e-05   3.72590e-04   7.93047e-04
  1.21104e-03   1.62636e-03   2.03878e-03   2.44809e-03   2.85409e-03   3.25654e-03
  3.65525e-03   4.05001e-03   4.44059e-03   4.82680e-03   5.20842e-03   5.58526e-03
  5.95710e-03   6.32374e-03   6.68499e-03   7.04063e-03   7.39049e-03   7.73435e-03
  8.07204e-03   8.40335e-03   8.72811e-03   9.04612e-03   9.35722e-03   9.66121e-03
  9.95793e-03   1.02472e-02   1.05289e-02   1.08028e-02   1.10687e-02   1.13266e-02
  1.15762e-02   1.18175e-02   1.20502e-02   1.22742e-02   1.24895e-02   1.26959e-02
  1.28932e-02   1.30814e-02   1.32603e-02   1.34298e-02   1.35899e-02   1.37405e-02
  1.38814e-02   1.40126e-02   1.41341e-02   1.42457e-02   1.43473e-02   1.44391e-02
  1.45209e-02   1.45926e-02   1.46543e-02   1.47058e-02   1.47474e-02   1.47788e-02
  1.48001e-02   1.48113e-02   1.48125e-02   1.48036e-02   1.47847e-02   1.47558e-02
  1.47170e-02   1.46683e-02   1.46098e-02   1.45416e-02   1.44637e-02   1.43762e-02
  1.42792e-02   1.41729e-02   1.40573e-02   1.39325e-02   1.37987e-02   1.36559e-02
  1.35044e-02   1.33443e-02   1.31756e-02   1.29987e-02   1.28135e-02   1.26204e-02
  1.24194e-02   1.22108e-02   1.19948e-02   1.17715e-02   1.15411e-02   1.13038e-02
  1.10599e-02   1.08096e-02   1.05530e-02   1.02904e-02   1.00220e-02   9.74808e-03
  9.46884e-03   9.18451e-03   8.89534e-03   8.60157e-03   8.30345e-03   8.00122e-03
  7.69513e-03   7.38544e-03   7.07240e-03   6.75626e-03   6.43728e-03   6.11572e-03
  5.79184e-03   5.46589e-03   5.13813e-03   4.80883e-03   4.47824e-03   4.14661e-03
  3.81422e-03   3.48130e-03   3.14812e-03   2.81493e-03   2.48198e-03   2.14952e-03
  1.81779e-03   1.48705e-03   1.15754e-03   8.29482e-04   5.03129e-04   1.78709e-04
 -1.43549e-04  -4.63419e-04  -7.80678e-04  -1.09511e-03  -1.40650e-03  -1.71464e-03
 -2.01932e-03  -2.32034e-03  -2.61751e-03  -2.91064e-03  -3.19953e-03  -3.48402e-03
 -3.76393e-03  -4.03908e-03  -4.30931e-03  -4.57446e-03  -4.83438e-03  -5.08893e-03
 -5.33795e-03  -5.58132e-03  -5.81891e-03  -6.05059e-03  -6.27624e-03  -6.49575e-03
 -6.70902e-03  -6.91595e-03  -7.11644e-03  -7.31040e-03  -7.49776e-03  -7.67844e-03
 -7.85237e-03  -8.01949e-03  -8.17974e-03  -8.33307e-03  -8.47942e-03  -8.61878e-03
 -8.75109e-03  -8.87634e-03  -8.99450e-03  -9.10555e-03  -9.20949e-03  -9.30630e-03
 -9.39600e-03  -9.47857e-03  -9.55405e-03  -9.62243e-03  -9.68374e-03  -9.73801e-03
 -9.78527e-03  -9.82555e-03  -9.85890e-03  -9.88535e-03  -9.90496e-03  -9.91777e-03
 -9.92386e-03  -9.92327e-03  -9.91608e-03  -9.90236e-03  -9.88216e-03  -9.85559e-03
 -9.82270e-03  -9.78359e-03  -9.73835e-03  -9.68705e-03  -9.62981e-03  -9.56670e-03
 -9.49783e-03  -9.42331e-03  -9.34323e-03  -9.25769e-03  -9.16682e-03  -9.07071e-03
 -8.96948e-03  -8.86325e-03  -8.75213e-03  -8.63623e-03  -8.51568e-03  -8.39060e-03
 -8.26111e-03  -8.12733e-03  -7.98939e-03  -7.84741e-03  -7.70152e-03  -7.55185e-03
 -7.39852e-03  -7.24167e-03  -7.08142e-03  -6.91791e-03  -6.75126e-03  -6.58160e-03
 -6.40908e-03  -6.23381e-03  -6.05592e-03  -5.87556e-03  -5.69286e-03  -5.50793e-03
 -5.32093e-03  -5.13196e-03  -4.94118e-03  -4.74870e-03  -4.55466e-03  -4.35919e-03
 -4.16242e-03  -3.96447e-03  -3.76547e-03  -3.56556e-03  -3.36485e-03  -3.16348e-03
 -2.96156e-03  -2.75923e-03  -2.55660e-03  -2.35380e-03  -2.15096e-03  -1.94818e-03
 -1.74560e-03  -1.54332e-03  -1.34147e-03  -1.14016e-03  -9.39514e-04  -7.39637e-04
 -5.40643e-04  -3.42645e-04  -1.45752e-04   4.99266e-05   2.44284e-04   4.37213e-04
  6.28610e-04   8.18373e-04   1.00640e-03   1.19259e-03   1.37684e-03   1.55906e-03
  1.73916e-03   1.91703e-03   2.09259e-03   2.26575e-03   2.43642e-03   2.60450e-03
  2.76993e-03   2.93260e-03   3.09245e-03   3.24939e-03   3.40335e-03   3.55424e-03
  3.70200e-03   3.84655e-03   3.98782e-03   4.12575e-03   4.26028e-03   4.39132e-03
  4.51884e-03   4.64276e-03   4.76303e-03   4.87959e-03   4.99239e-03   5.10139e-03
  5.20653e-03   5.30777e-03   5.40506e-03   5.49837e-03   5.58765e-03   5.67287e-03
  5.75399e-03   5.83099e-03   5.90384e-03   5.97250e-03   6.03696e-03   6.09720e-03
  6.15319e-03   6.20492e-03   6.25238e-03   6.29555e-03   6.33443e-03   6.36902e-03
  6.39930e-03   6.42528e-03   6.44697e-03   6.46436e-03   6.47746e-03   6.48629e-03
  6.49086e-03   6.49119e-03   6.48728e-03   6.47917e-03   6.46688e-03   6.45043e-03
  6.42985e-03   6.40518e-03   6.37644e-03   6.34368e-03   6.30694e-03   6.26624e-03
  6.22165e-03   6.17321e-03   6.12096e-03   6.06496e-03   6.00527e-03   5.94193e-03
  5.87500e-03   5.80456e-03   5.73065e-03   5.65336e-03   5.57273e-03   5.48885e-03
  5.40178e-03   5.31160e-03   5.21838e-03   5.12221e-03   5.02315e-03   4.92129e-03
  4.81672e-03   4.70952e-03   4.59977e-03   4.48755e-03   4.37297e-03   4.25611e-03
  4.13706e-03   4.01591e-03   3.89275e-03   3.76769e-03   3.64082e-03   3.51223e-03
  3.38202e-03   3.25030e-03   3.11715e-03   2.98268e-03   2.84699e-03   2.71017e-03
  2.57234e-03   2.43359e-03   2.29403e-03   2.15375e-03   2.01285e-03   1.87144e-03
  1.72963e-03   1.58750e-03   1.44517e-03   1.30272e-03   1.16027e-03   1.01792e-03
  8.75753e-04   7.33879e-04   5.92393e-04   4.51391e-04   3.10971e-04   1.71226e-04
  3.22518e-05  -1.05860e-04  -2.43016e-04  -3.79128e-04  -5.14105e-04  -6.47861e-04
 -7.80307e-04  -9.11360e-04  -1.04094e-03  -1.16896e-03  -1.29534e-03  -1.42000e-03
 -1.54287e-03  -1.66387e-03  -1.78293e-03  -1.89998e-03  -2.01495e-03  -2.12778e-03
 -2.23839e-03  -2.34673e-03  -2.45273e-03  -2.55634e-03  -2.65750e-03  -2.75615e-03
 -2.85225e-03  -2.94575e-03  -3.03659e-03  -3.12473e-03  -3.21014e-03  -3.29277e-03
 -3.37257e-03  -3.44953e-03  -3.52360e-03  -3.59475e-03  -3.66296e-03  -3.72819e-03
 -3.79043e-03  -3.84966e-03  -3.90584e-03  -3.95898e-03  -4.00905e-03  -4.05605e-03
 -4.09996e-03  -4.14077e-03  -4.17849e-03  -4.21311e-03  -4.24462e-03  -4.27304e-03
 -4.29836e-03  -4.32059e-03  -4.33974e-03  -4.35583e-03  -4.36886e-03  -4.37884e-03
 -4.38580e-03  -4.38976e-03  -4.39073e-03  -4.38874e-03  -4.38382e-03  -4.37598e-03
 -4.36526e-03  -4.35169e-03  -4.33531e-03  -4.31613e-03  -4.29421e-03  -4.26957e-03
 -4.24225e-03  -4.21230e-03  -4.17976e-03  -4.14466e-03  -4.10706e-03  -4.06700e-03
 -4.02452e-03  -3.97968e-03  -3.93252e-03  -3.88309e-03  -3.83145e-03  -3.77764e-03
 -3.72172e-03  -3.66375e-03  -3.60378e-03  -3.54186e-03  -3.47806e-03  -3.41243e-03
 -3.34502e-03  -3.27591e-03  -3.20514e-03  -3.13277e-03  -3.05888e-03  -2.98351e-03
 -2.90674e-03  -2.82861e-03  -2.74920e-03  -2.66857e-03  -2.58678e-03  -2.50388e-03
 -2.41995e-03  -2.33505e-03  -2.24924e-03  -2.16259e-03  -2.07515e-03  -1.98699e-03
 -1.89817e-03  -1.80875e-03  -1.71881e-03  -1.62839e-03  -1.53757e-03  -1.44640e-03
 -1.35495e-03  -1.26327e-03  -1.17143e-03  -1.07948e-03  -9.87497e-04  -8.95526e-04
 -8.03631e-04  -7.11868e-04  -6.20297e-04  -5.28973e-04  -4.37954e-04  -3.47295e-04
 -2.57050e-04  -1.67276e-04  -7.80244e-05   1.06511e-05   9.86986e-05   1.86067e-04
  2.72705e-04   3.58564e-04   4.43596e-04   5.27751e-04   6.10983e-04   6.93247e-04
  7.74496e-04   8.54688e-04   9.33779e-04   1.01173e-03   1.08849e-03   1.16403e-03
  1.23830e-03   1.31127e-03   1.38291e-03   1.45317e-03   1.52202e-03   1.58942e-03
  1.65536e-03   1.71978e-03   1.78267e-03   1.84398e-03   1.90371e-03   1.96181e-03
  2.01826e-03   2.07304e-03   2.12613e-03   2.17749e-03   2.22712e-03   2.27499e-03
  2.32107e-03   2.36537e-03   2.40785e-03   2.44850e-03   2.48731e-03   2.52426e-03
  2.55935e-03   2.59256e-03   2.62389e-03   2.65332e-03   2.68085e-03   2.70648e-03
  2.73019e-03   2.75199e-03   2.77187e-03   2.78983e-03   2.80588e-03   2.82001e-03
  2.83223e-03   2.84254e-03   2.85094e-03   2.85744e-03   2.86206e-03   2.86479e-03
  2.86564e-03   2.86463e-03   2.86177e-03   2.85707e-03   2.85055e-03   2.84221e-03
  2.83208e-03   2.82018e-03   2.80651e-03   2.79110e-03   2.77397e-03   2.75514e-03
  2.73463e-03   2.71246e-03   2.68867e-03   2.66327e-03   2.63628e-03   2.60774e-03
  2.57768e-03   2.54611e-03   2.51307e-03   2.47859e-03   2.44271e-03   2.40544e-03
  2.36683e-03   2.32690e-03   2.28569e-03   2.24324e-03   2.19957e-03   2.15473e-03
  2.10875e-03   2.06166e-03   2.01351e-03   1.96432e-03   1.91415e-03   1.86303e-03
  1.81099e-03   1.75807e-03   1.70433e-03   1.64979e-03   1.59449e-03   1.53849e-03
  1.48181e-03   1.42450e-03   1.36661e-03   1.30816e-03   1.24921e-03   1.18980e-03
  1.12997e-03   1.06976e-03   1.00922e-03   9.48374e-04   8.87282e-04   8.25980e-04
  7.64510e-04   7.02915e-04   6.41236e-04   5.79516e-04   5.17795e-04   4.56115e-04
  3.94518e-04   3.33043e-04   2.71732e-04   2.10624e-04   1.49760e-04   8.91796e-05
  2.89207e-05  -3.09775e-05  -9.04769e-05  -1.49540e-04  -2.08129e-04  -2.66208e-04
 -3.23740e-04  -3.80691e-04  -4.37024e-04  -4.92707e-04  -5.47704e-04  -6.01984e-04
 -6.55514e-04  -7.08263e-04  -7.60199e-04  -8.11292e-04  -8.61513e-04  -9.10834e-04
 -9.59227e-04  -1.00666e-03  -1.05312e-03  -1.09857e-03  -1.14299e-03  -1.18635e-03
 -1.22864e-03  -1.26983e-03  -1.30989e-03  -1.34882e-03  -1.38659e-03  -1.42318e-03
 -1.45858e-03  -1.49276e-03  -1.52572e-03  -1.55744e-03  -1.58791e-03  -1.61711e-03
 -1.64503e-03  -1.67167e-03  -1.69701e-03  -1.72104e-03  -1.74376e-03  -1.76515e-03
 -1.78522e-03  -1.80396e-03  -1.82137e-03  -1.83744e-03  -1.85217e-03  -1.86556e-03
 -1.87761e-03  -1.88832e-03  -1.89770e-03  -1.90574e-03  -1.91245e-03  -1.91784e-03
 -1.92190e-03  -1.92466e-03  -1.92610e-03  -1.92625e-03  -1.92511e-03  -1.92269e-03
 -1.91900e-03  -1.91405e-03  -1.90786e-03  -1.90044e-03  -1.89180e-03  -1.88195e-03
 -1.87092e-03  -1.85871e-03  -1.84535e-03  -1.83084e-03  -1.81522e-03  -1.79849e-03
 -1.78069e-03  -1.76181e-03  -1.74190e-03  -1.72096e-03  -1.69902e-03  -1.67611e-03
 -1.65224e-03  -1.62743e-03  -1.60171e-03  -1.57511e-03  -1.54765e-03  -1.51935e-03
 -1.49023e-03  -1.46033e-03  -1.42967e-03  -1.39828e-03  -1.36617e-03  -1.33339e-03
 -1.29994e-03  -1.26588e-03  -1.23121e-03  -1.19596e-03  -1.16017e-03  -1.12387e-03
 -1.08707e-03  -1.04981e-03  -1.01212e-03  -9.74020e-04  -9.35544e-04  -8.96720e-04
 -8.57575e-04  -8.18137e-04  -7.78436e-04  -7.38498e-04  -6.98352e-04  -6.58026e-04
 -6.17548e-04  -5.76946e-04
