my_srf_acc_filtered txt 
1998  8.00000e-02 0 0  0.00000e+00  0.00000e+00  0.00000e+00  0.00000e+00
  2.85774e-07   1.98022e-06   6.12473e-06   1.05331e-05   8.01092e-06  -1.09885e-05
 -5.41442e-05  -1.25898e-04  -2.28762e-04  -3.64563e-04  -5.34741e-04  -7.40359e-04
 -9.82101e-04  -1.26028e-03  -1.57486e-03  -1.92542e-03  -2.31123e-03  -2.73121e-03
 -3.18394e-03  -3.66773e-03  -4.18058e-03  -4.72020e-03  -5.28406e-03  -5.86936e-03
 -6.47312e-03  -7.09210e-03  -7.72290e-03  -8.36195e-03  -9.00553e-03  -9.64979e-03
 -1.02908e-02  -1.09245e-02  -1.15467e-02  -1.21534e-02  -1.27403e-02  -1.33034e-02
 -1.38383e-02  -1.43410e-02  -1.48075e-02  -1.52338e-02  -1.56159e-02  -1.59502e-02
 -1.62329e-02  -1.64606e-02  -1.66300e-02  -1.67380e-02  -1.67815e-02  -1.67580e-02
 -1.66648e-02  -1.64998e-02  -1.62609e-02  -1.59465e-02  -1.55549e-02  -1.50851e-02
 -1.45360e-02  -1.39072e-02  -1.31982e-02  -1.24090e-02  -1.15400e-02  -1.05916e-02
 -9.56488e-03  -8.46091e-03  -7.28123e-03  -6.02763e-03  -4.70222e-03  -3.30739e-03
 -1.84582e-03  -3.20472e-04   1.26542e-03   2.90835e-03   4.60458e-03   6.35009e-03
  8.14065e-03   9.97182e-03   1.18389e-02   1.37371e-02   1.56613e-02   1.76063e-02
  1.95668e-02   2.15373e-02   2.35121e-02   2.54856e-02   2.74518e-02   2.94050e-02
  3.13393e-02   3.32486e-02   3.51270e-02   3.69685e-02   3.87672e-02   4.05171e-02
  4.22124e-02   4.38473e-02   4.54161e-02   4.69133e-02   4.83333e-02   4.96709e-02
  5.09208e-02   5.20782e-02   5.31381e-02   5.40961e-02   5.49478e-02   5.56890e-02
  5.63158e-02   5.68246e-02   5.72121e-02   5.74751e-02   5.76109e-02   5.76170e-02
  5.74912e-02   5.72317e-02   5.68369e-02   5.63056e-02   5.56370e-02   5.48305e-02
  5.38860e-02   5.28036e-02   5.15839e-02   5.02276e-02   4.87360e-02   4.71107e-02
  4.53535e-02   4.34668e-02   4.14530e-02   3.93150e-02   3.70562e-02   3.46801e-02
  3.21905e-02   2.95916e-02   2.68879e-02   2.40841e-02   2.11854e-02   1.81968e-02
  1.51241e-02   1.19730e-02   8.74944e-03   5.45973e-03   2.11026e-03  -1.29236e-03
 -4.74136e-03  -8.22983e-03  -1.17507e-02  -1.52968e-02  -1.88608e-02  -2.24354e-02
 -2.60131e-02  -2.95865e-02  -3.31480e-02  -3.66900e-02  -4.02051e-02  -4.36858e-02
 -4.71244e-02  -5.05137e-02  -5.38463e-02  -5.71148e-02  -6.03121e-02  -6.34312e-02
 -6.64651e-02  -6.94071e-02  -7.22507e-02  -7.49893e-02  -7.76169e-02  -8.01274e-02
 -8.25150e-02  -8.47743e-02  -8.68999e-02  -8.88869e-02  -9.07306e-02  -9.24264e-02
 -9.39703e-02  -9.53583e-02  -9.65871e-02  -9.76533e-02  -9.85541e-02  -9.92869e-02
 -9.98497e-02  -1.00240e-01  -1.00458e-01  -1.00500e-01  -1.00367e-01  -1.00059e-01
 -9.95741e-02  -9.89139e-02  -9.80785e-02  -9.70692e-02  -9.58871e-02  -9.45341e-02
 -9.30121e-02  -9.13234e-02  -8.94710e-02  -8.74577e-02  -8.52869e-02  -8.29623e-02
 -8.04879e-02  -7.78680e-02  -7.51071e-02  -7.22101e-02  -6.91821e-02  -6.60285e-02
 -6.27547e-02  -5.93668e-02  -5.58708e-02  -5.22728e-02  -4.85794e-02  -4.47972e-02
 -4.09329e-02  -3.69936e-02  -3.29863e-02  -2.89182e-02  -2.47965e-02  -2.06287e-02
 -1.64222e-02  -1.21845e-02  -7.92328e-03  -3.64598e-03   6.39763e-04   4.92635e-03
  9.20623e-03   1.34719e-02   1.77158e-02   2.19306e-02   2.61089e-02   3.02434e-02
  3.43272e-02   3.83531e-02   4.23143e-02   4.62040e-02   5.00157e-02   5.37431e-02
  5.73798e-02   6.09200e-02   6.43578e-02   6.76876e-02   7.09042e-02   7.40023e-02
  7.69772e-02   7.98242e-02   8.25389e-02   8.51174e-02   8.75558e-02   8.98506e-02
  9.19985e-02   9.39967e-02   9.58425e-02   9.75334e-02   9.90676e-02   1.00443e-01
  1.01659e-01   1.02713e-01   1.03606e-01   1.04336e-01   1.04903e-01   1.05308e-01
  1.05550e-01   1.05631e-01   1.05551e-01   1.05311e-01   1.04914e-01   1.04361e-01
  1.03653e-01   1.02794e-01   1.01786e-01   1.00632e-01   9.93343e-02   9.78968e-02
  9.63231e-02   9.46167e-02   9.27818e-02   9.08225e-02   8.87431e-02   8.65481e-02
  8.42422e-02   8.18303e-02   7.93174e-02   7.67086e-02   7.40091e-02   7.12242e-02
  6.83595e-02   6.54205e-02   6.24128e-02   5.93420e-02   5.62139e-02   5.30343e-02
  4.98090e-02   4.65437e-02   4.32443e-02   3.99166e-02   3.65663e-02   3.31994e-02
  2.98214e-02   2.64381e-02   2.30550e-02   1.96778e-02   1.63118e-02   1.29624e-02
  9.63501e-03   6.33466e-03   3.06642e-03  -1.64794e-04  -3.35419e-03  -6.49712e-03
 -9.58911e-03  -1.26258e-02  -1.56030e-02  -1.85168e-02  -2.13633e-02  -2.41388e-02
 -2.68399e-02  -2.94632e-02  -3.20058e-02  -3.44647e-02  -3.68371e-02  -3.91207e-02
 -4.13130e-02  -4.34121e-02  -4.54160e-02  -4.73229e-02  -4.91316e-02  -5.08406e-02
 -5.24489e-02  -5.39557e-02  -5.53602e-02  -5.66620e-02  -5.78609e-02  -5.89567e-02
 -5.99497e-02  -6.08400e-02  -6.16281e-02  -6.23149e-02  -6.29010e-02  -6.33876e-02
 -6.37758e-02  -6.40669e-02  -6.42625e-02  -6.43642e-02  -6.43739e-02  -6.42933e-02
 -6.41247e-02  -6.38702e-02  -6.35321e-02  -6.31128e-02  -6.26149e-02  -6.20410e-02
 -6.13937e-02  -6.06759e-02  -5.98904e-02  -5.90402e-02  -5.81283e-02  -5.71576e-02
 -5.61314e-02  -5.50526e-02  -5.39246e-02  -5.27504e-02  -5.15332e-02  -5.02763e-02
 -4.89829e-02  -4.76561e-02  -4.62992e-02  -4.49154e-02  -4.35076e-02  -4.20792e-02
 -4.06331e-02  -3.91724e-02  -3.77001e-02  -3.62191e-02  -3.47323e-02  -3.32424e-02
 -3.17523e-02  -3.02645e-02  -2.87817e-02  -2.73064e-02  -2.58409e-02  -2.43877e-02
 -2.29488e-02  -2.15265e-02  -2.01229e-02  -1.87397e-02  -1.73790e-02  -1.60423e-02
 -1.47314e-02  -1.34477e-02  -1.21926e-02  -1.09675e-02  -9.77357e-03  -8.61181e-03
 -7.48323e-03  -6.38869e-03  -5.32893e-03  -4.30461e-03  -3.31625e-03  -2.36429e-03
 -1.44905e-03  -5.70754e-04   2.70465e-04   1.07458e-03   1.84167e-03   2.57189e-03
  3.26549e-03   3.92280e-03   4.54426e-03   5.13036e-03   5.68168e-03   6.19887e-03
  6.68266e-03   7.13384e-03   7.55326e-03   7.94183e-03   8.30051e-03   8.63033e-03
  8.93233e-03   9.20763e-03   9.45737e-03   9.68272e-03   9.88488e-03   1.00651e-02
  1.02246e-02   1.03647e-02   1.04867e-02   1.05917e-02   1.06813e-02   1.07565e-02
  1.08188e-02   1.08694e-02   1.09096e-02   1.09407e-02   1.09638e-02   1.09803e-02
  1.09913e-02   1.09980e-02   1.10016e-02   1.10030e-02   1.10035e-02   1.10041e-02
  1.10057e-02   1.10092e-02   1.10157e-02   1.10259e-02   1.10406e-02   1.10607e-02
  1.10867e-02   1.11194e-02   1.11594e-02   1.12071e-02   1.12630e-02   1.13277e-02
  1.14014e-02   1.14844e-02   1.15771e-02   1.16795e-02   1.17918e-02   1.19142e-02
  1.20465e-02   1.21888e-02   1.23409e-02   1.25028e-02   1.26742e-02   1.28549e-02
  1.30445e-02   1.32427e-02   1.34490e-02   1.36632e-02   1.38845e-02   1.41126e-02
  1.43468e-02   1.45865e-02   1.48311e-02   1.50799e-02   1.53321e-02   1.55870e-02
  1.58439e-02   1.61020e-02   1.63604e-02   1.66182e-02   1.68748e-02   1.71291e-02
  1.73804e-02   1.76277e-02   1.78702e-02   1.81069e-02   1.83370e-02   1.85596e-02
  1.87738e-02   1.89787e-02   1.91735e-02   1.93574e-02   1.95294e-02   1.96888e-02
  1.98347e-02   1.99665e-02   2.00833e-02   2.01845e-02   2.02693e-02   2.03370e-02
  2.03871e-02   2.04189e-02   2.04319e-02   2.04256e-02   2.03994e-02   2.03529e-02
  2.02858e-02   2.01975e-02   2.00879e-02   1.99567e-02   1.98035e-02   1.96283e-02
  1.94309e-02   1.92111e-02   1.89690e-02   1.87045e-02   1.84177e-02   1.81087e-02
  1.77776e-02   1.74246e-02   1.70499e-02   1.66539e-02   1.62367e-02   1.57989e-02
  1.53407e-02   1.48627e-02   1.43654e-02   1.38492e-02   1.33148e-02   1.27628e-02
  1.21937e-02   1.16084e-02   1.10074e-02   1.03916e-02   9.76175e-03   9.11862e-03
  8.46306e-03   7.79593e-03   7.11812e-03   6.43052e-03   5.73406e-03   5.02969e-03
  4.31835e-03   3.60101e-03   2.87867e-03   2.15231e-03   1.42292e-03   6.91522e-04
 -4.08873e-05  -7.73296e-04  -1.50470e-03  -2.23408e-03  -2.96045e-03  -3.68281e-03
 -4.40017e-03  -5.11156e-03  -5.81602e-03  -6.51259e-03  -7.20034e-03  -7.87835e-03
 -8.54574e-03  -9.20162e-03  -9.84514e-03  -1.04755e-02  -1.10918e-02  -1.16934e-02
 -1.22794e-02  -1.28492e-02  -1.34021e-02  -1.39374e-02  -1.44545e-02  -1.49528e-02
 -1.54318e-02  -1.58909e-02  -1.63296e-02  -1.67475e-02  -1.71442e-02  -1.75192e-02
 -1.78724e-02  -1.82033e-02  -1.85117e-02  -1.87975e-02  -1.90603e-02  -1.93000e-02
 -1.95167e-02  -1.97101e-02  -1.98802e-02  -2.00272e-02  -2.01509e-02  -2.02515e-02
 -2.03291e-02  -2.03839e-02  -2.04159e-02  -2.04256e-02  -2.04131e-02  -2.03786e-02
 -2.03226e-02  -2.02453e-02  -2.01472e-02  -2.00286e-02  -1.98899e-02  -1.97317e-02
 -1.95544e-02  -1.93585e-02  -1.91446e-02  -1.89131e-02  -1.86647e-02  -1.83999e-02
 -1.81194e-02  -1.78237e-02  -1.75135e-02  -1.71894e-02  -1.68521e-02  -1.65023e-02
 -1.61405e-02  -1.57676e-02  -1.53842e-02  -1.49909e-02  -1.45885e-02  -1.41776e-02
 -1.37590e-02  -1.33333e-02  -1.29013e-02  -1.24635e-02  -1.20208e-02  -1.15737e-02
 -1.11230e-02  -1.06693e-02  -1.02131e-02  -9.75532e-03  -9.29639e-03  -8.83698e-03
 -8.37769e-03  -7.91909e-03  -7.46177e-03  -7.00626e-03  -6.55312e-03  -6.10285e-03
 -5.65597e-03  -5.21294e-03  -4.77424e-03  -4.34030e-03  -3.91156e-03  -3.48840e-03
 -3.07122e-03  -2.66038e-03  -2.25620e-03  -1.85901e-03  -1.46911e-03  -1.08677e-03
 -7.12247e-04  -3.45762e-04   1.24694e-05   3.62260e-04   7.03444e-04   1.03587e-03
  1.35943e-03   1.67400e-03   1.97950e-03   2.27586e-03   2.56305e-03   2.84104e-03
  3.10980e-03   3.36937e-03   3.61975e-03   3.86099e-03   4.09315e-03   4.31631e-03
  4.53055e-03   4.73597e-03   4.93269e-03   5.12083e-03   5.30055e-03   5.47197e-03
  5.63528e-03   5.79063e-03   5.93821e-03   6.07819e-03   6.21079e-03   6.33619e-03
  6.45460e-03   6.56623e-03   6.67129e-03   6.77001e-03   6.86261e-03   6.94930e-03
  7.03031e-03   7.10585e-03   7.17617e-03   7.24147e-03   7.30197e-03   7.35791e-03
  7.40948e-03   7.45690e-03   7.50038e-03   7.54012e-03   7.57631e-03   7.60916e-03
  7.63884e-03   7.66554e-03   7.68942e-03   7.71066e-03   7.72940e-03   7.74580e-03
  7.76000e-03   7.77213e-03   7.78231e-03   7.79067e-03   7.79729e-03   7.80229e-03
  7.80574e-03   7.80773e-03   7.80833e-03   7.80758e-03   7.80555e-03   7.80227e-03
  7.79778e-03   7.79209e-03   7.78522e-03   7.77717e-03   7.76794e-03   7.75752e-03
  7.74589e-03   7.73301e-03   7.71885e-03   7.70337e-03   7.68651e-03   7.66823e-03
  7.64845e-03   7.62712e-03   7.60415e-03   7.57946e-03   7.55298e-03   7.52461e-03
  7.49426e-03   7.46184e-03   7.42725e-03   7.39039e-03   7.35117e-03   7.30946e-03
  7.26518e-03   7.21822e-03   7.16847e-03   7.11582e-03   7.06019e-03   7.00146e-03
  6.93953e-03   6.87432e-03   6.80571e-03   6.73363e-03   6.65799e-03   6.57869e-03
  6.49567e-03   6.40885e-03   6.31815e-03   6.22352e-03   6.12490e-03   6.02223e-03
  5.91548e-03   5.80459e-03   5.68955e-03   5.57032e-03   5.44689e-03   5.31925e-03
  5.18741e-03   5.05135e-03   4.91111e-03   4.76671e-03   4.61817e-03   4.46553e-03
  4.30885e-03   4.14818e-03   3.98359e-03   3.81515e-03   3.64294e-03   3.46706e-03
  3.28759e-03   3.10466e-03   2.91838e-03   2.72886e-03   2.53625e-03   2.34067e-03
  2.14228e-03   1.94122e-03   1.73767e-03   1.53178e-03   1.32372e-03   1.11369e-03
  9.01856e-04   6.88417e-04   4.73568e-04   2.57509e-04   4.04446e-05  -1.77415e-04
 -3.95856e-04  -6.14664e-04  -8.33617e-04  -1.05250e-03  -1.27107e-03  -1.48912e-03
 -1.70642e-03  -1.92274e-03  -2.13784e-03  -2.35151e-03  -2.56350e-03  -2.77360e-03
 -2.98157e-03  -3.18720e-03  -3.39024e-03  -3.59050e-03  -3.78774e-03  -3.98174e-03
 -4.17231e-03  -4.35922e-03  -4.54228e-03  -4.72129e-03  -4.89604e-03  -5.06636e-03
 -5.23205e-03  -5.39294e-03  -5.54886e-03  -5.69964e-03  -5.84512e-03  -5.98515e-03
 -6.11959e-03  -6.24830e-03  -6.37115e-03  -6.48801e-03  -6.59878e-03  -6.70335e-03
 -6.80162e-03  -6.89351e-03  -6.97893e-03  -7.05781e-03  -7.13010e-03  -7.19573e-03
 -7.25466e-03  -7.30686e-03  -7.35230e-03  -7.39096e-03  -7.42284e-03  -7.44793e-03
 -7.46624e-03  -7.47779e-03  -7.48260e-03  -7.48072e-03  -7.47218e-03  -7.45704e-03
 -7.43535e-03  -7.40718e-03  -7.37261e-03  -7.33173e-03  -7.28461e-03  -7.23136e-03
 -7.17209e-03  -7.10691e-03  -7.03593e-03  -6.95928e-03  -6.87708e-03  -6.78949e-03
 -6.69663e-03  -6.59866e-03  -6.49572e-03  -6.38798e-03  -6.27560e-03  -6.15873e-03
 -6.03756e-03  -5.91224e-03  -5.78296e-03  -5.64990e-03  -5.51323e-03  -5.37314e-03
 -5.22981e-03  -5.08344e-03  -4.93420e-03  -4.78229e-03  -4.62789e-03  -4.47120e-03
 -4.31240e-03  -4.15169e-03  -3.98924e-03  -3.82526e-03  -3.65993e-03  -3.49343e-03
 -3.32594e-03  -3.15766e-03  -2.98875e-03  -2.81940e-03  -2.64977e-03  -2.48006e-03
 -2.31041e-03  -2.14100e-03  -1.97199e-03  -1.80354e-03  -1.63581e-03  -1.46894e-03
 -1.30308e-03  -1.13837e-03  -9.74957e-04  -8.12971e-04  -6.52540e-04  -4.93789e-04
 -3.36839e-04  -1.81803e-04  -2.87914e-05   1.22090e-04   2.70742e-04   4.17069e-04
  5.60982e-04   7.02395e-04   8.41229e-04   9.77410e-04   1.11087e-03   1.24154e-03
  1.36936e-03   1.49428e-03   1.61625e-03   1.73522e-03   1.85115e-03   1.96401e-03
  2.07377e-03   2.18040e-03   2.28388e-03   2.38418e-03   2.48131e-03   2.57524e-03
  2.66597e-03   2.75350e-03   2.83783e-03   2.91897e-03   2.99693e-03   3.07171e-03
  3.14333e-03   3.21182e-03   3.27718e-03   3.33946e-03   3.39866e-03   3.45482e-03
  3.50797e-03   3.55815e-03   3.60538e-03   3.64971e-03   3.69116e-03   3.72979e-03
  3.76563e-03   3.79872e-03   3.82911e-03   3.85683e-03   3.88195e-03   3.90448e-03
  3.92450e-03   3.94203e-03   3.95713e-03   3.96984e-03   3.98021e-03   3.98828e-03
  3.99411e-03   3.99773e-03   3.99919e-03   3.99853e-03   3.99581e-03   3.99106e-03
  3.98432e-03   3.97564e-03   3.96506e-03   3.95262e-03   3.93836e-03   3.92232e-03
  3.90453e-03   3.88503e-03   3.86385e-03   3.84104e-03   3.81662e-03   3.79062e-03
  3.76309e-03   3.73403e-03   3.70349e-03   3.67150e-03   3.63807e-03   3.60324e-03
  3.56703e-03   3.52946e-03   3.49055e-03   3.45034e-03   3.40883e-03   3.36605e-03
  3.32201e-03   3.27675e-03   3.23026e-03   3.18258e-03   3.13372e-03   3.08369e-03
  3.03251e-03   2.98020e-03   2.92677e-03   2.87224e-03   2.81662e-03   2.75992e-03
  2.70217e-03   2.64337e-03   2.58354e-03   2.52270e-03   2.46086e-03   2.39804e-03
  2.33426e-03   2.26952e-03   2.20386e-03   2.13727e-03   2.06980e-03   2.00144e-03
  1.93223e-03   1.86219e-03   1.79133e-03   1.71967e-03   1.64725e-03   1.57409e-03
  1.50020e-03   1.42563e-03   1.35039e-03   1.27451e-03   1.19803e-03   1.12097e-03
  1.04337e-03   9.65265e-04   8.86682e-04   8.07659e-04   7.28234e-04   6.48445e-04
  5.68331e-04   4.87934e-04   4.07293e-04   3.26454e-04   2.45458e-04   1.64352e-04
  8.31812e-05   1.99294e-06  -7.91647e-05  -1.60243e-04  -2.41191e-04  -3.21959e-04
 -4.02495e-04  -4.82747e-04  -5.62661e-04  -6.42184e-04  -7.21262e-04  -7.99840e-04
 -8.77862e-04  -9.55274e-04  -1.03202e-03  -1.10804e-03  -1.18329e-03  -1.25769e-03
 -1.33121e-03  -1.40378e-03  -1.47535e-03  -1.54586e-03  -1.61525e-03  -1.68347e-03
 -1.75047e-03  -1.81619e-03  -1.88058e-03  -1.94358e-03  -2.00515e-03  -2.06524e-03
 -2.12379e-03  -2.18075e-03  -2.23608e-03  -2.28973e-03  -2.34166e-03  -2.39182e-03
 -2.44017e-03  -2.48666e-03  -2.53127e-03  -2.57395e-03  -2.61467e-03  -2.65339e-03
 -2.69008e-03  -2.72471e-03  -2.75725e-03  -2.78768e-03  -2.81597e-03  -2.84209e-03
 -2.86603e-03  -2.88777e-03  -2.90729e-03  -2.92458e-03  -2.93963e-03  -2.95243e-03
 -2.96297e-03  -2.97124e-03  -2.97724e-03  -2.98098e-03  -2.98245e-03  -2.98166e-03
 -2.97862e-03  -2.97332e-03  -2.96580e-03  -2.95605e-03  -2.94409e-03  -2.92994e-03
 -2.91363e-03  -2.89517e-03  -2.87458e-03  -2.85190e-03  -2.82715e-03  -2.80036e-03
 -2.77156e-03  -2.74079e-03  -2.70808e-03  -2.67348e-03  -2.63702e-03  -2.59873e-03
 -2.55868e-03  -2.51689e-03  -2.47342e-03  -2.42831e-03  -2.38161e-03  -2.33337e-03
 -2.28365e-03  -2.23249e-03  -2.17995e-03  -2.12609e-03  -2.07095e-03  -2.01460e-03
 -1.95710e-03  -1.89849e-03  -1.83885e-03  -1.77822e-03  -1.71667e-03  -1.65426e-03
 -1.59105e-03  -1.52710e-03  -1.46247e-03  -1.39722e-03  -1.33141e-03  -1.26511e-03
 -1.19837e-03  -1.13125e-03  -1.06382e-03  -9.96141e-04  -9.28262e-04  -8.60248e-04
 -7.92156e-04  -7.24045e-04  -6.55973e-04  -5.87996e-04  -5.20169e-04  -4.52549e-04
 -3.85189e-04  -3.18143e-04  -2.51462e-04  -1.85199e-04  -1.19403e-04  -5.41233e-05
  1.05919e-05   7.46961e-05   1.38144e-04   2.00890e-04   2.62893e-04   3.24111e-04
  3.84503e-04   4.44031e-04   5.02656e-04   5.60344e-04   6.17058e-04   6.72767e-04
  7.27437e-04   7.81040e-04   8.33545e-04   8.84926e-04   9.35157e-04   9.84213e-04
  1.03207e-03   1.07871e-03   1.12411e-03   1.16825e-03   1.21112e-03   1.25269e-03
  1.29296e-03   1.33191e-03   1.36953e-03   1.40581e-03   1.44074e-03   1.47432e-03
  1.50653e-03   1.53737e-03   1.56684e-03   1.59494e-03   1.62165e-03   1.64700e-03
  1.67096e-03   1.69356e-03   1.71478e-03   1.73464e-03   1.75313e-03   1.77027e-03
  1.78605e-03   1.80050e-03   1.81362e-03   1.82541e-03   1.83589e-03   1.84506e-03
  1.85295e-03   1.85955e-03   1.86490e-03   1.86899e-03   1.87184e-03   1.87348e-03
  1.87390e-03   1.87314e-03   1.87120e-03   1.86810e-03   1.86387e-03   1.85851e-03
  1.85204e-03   1.84449e-03   1.83587e-03   1.82620e-03   1.81550e-03   1.80379e-03
  1.79108e-03   1.77741e-03   1.76278e-03   1.74722e-03   1.73074e-03   1.71338e-03
  1.69514e-03   1.67605e-03   1.65613e-03   1.63539e-03   1.61387e-03   1.59157e-03
  1.56853e-03   1.54475e-03   1.52027e-03   1.49509e-03   1.46925e-03   1.44276e-03
  1.41564e-03   1.38791e-03   1.35959e-03   1.33070e-03   1.30127e-03   1.27131e-03
  1.24084e-03   1.20988e-03   1.17845e-03   1.14657e-03   1.11426e-03   1.08155e-03
  1.04844e-03   1.01496e-03   9.81124e-04   9.46958e-04   9.12479e-04   8.77704e-04
  8.42654e-04   8.07348e-04   7.71804e-04   7.36041e-04   7.00079e-04   6.63936e-04
  6.27632e-04   5.91184e-04   5.54612e-04   5.17935e-04   4.81171e-04   4.44339e-04
  4.07458e-04   3.70546e-04   3.33623e-04   2.96707e-04   2.59816e-04   2.22970e-04
  1.86186e-04   1.49485e-04   1.12883e-04   7.64005e-05   4.00551e-05   3.86569e-06
 -3.21493e-05  -6.79713e-05  -1.03582e-04  -1.38963e-04  -1.74095e-04  -2.08961e-04
 -2.43543e-04  -2.77821e-04  -3.11779e-04  -3.45397e-04  -3.78659e-04  -4.11545e-04
 -4.44040e-04  -4.76124e-04  -5.07781e-04  -5.38992e-04  -5.69742e-04  -6.00013e-04
 -6.29789e-04  -6.59052e-04  -6.87787e-04  -7.15976e-04  -7.43605e-04  -7.70658e-04
 -7.97119e-04  -8.22972e-04  -8.48205e-04  -8.72801e-04  -8.96746e-04  -9.20027e-04
 -9.42630e-04  -9.64543e-04  -9.85752e-04  -1.00624e-03  -1.02601e-03  -1.04503e-03
 -1.06331e-03  -1.08082e-03  -1.09756e-03  -1.11353e-03  -1.12870e-03  -1.14307e-03
 -1.15663e-03  -1.16938e-03  -1.18131e-03  -1.19241e-03  -1.20268e-03  -1.21211e-03
 -1.22069e-03  -1.22843e-03  -1.23531e-03  -1.24134e-03  -1.24651e-03  -1.25082e-03
 -1.25428e-03  -1.25687e-03  -1.25860e-03  -1.25948e-03  -1.25949e-03  -1.25865e-03
 -1.25696e-03  -1.25442e-03  -1.25103e-03  -1.24680e-03  -1.24174e-03  -1.23585e-03
 -1.22914e-03  -1.22161e-03  -1.21328e-03  -1.20415e-03  -1.19422e-03  -1.18352e-03
 -1.17206e-03  -1.15983e-03  -1.14686e-03  -1.13316e-03  -1.11873e-03  -1.10360e-03
 -1.08777e-03  -1.07127e-03  -1.05410e-03  -1.03629e-03  -1.01784e-03  -9.98775e-04
 -9.79112e-04  -9.58868e-04  -9.38060e-04  -9.16706e-04  -8.94825e-04  -8.72436e-04
 -8.49558e-04  -8.26210e-04  -8.02414e-04  -7.78188e-04  -7.53554e-04  -7.28531e-04
 -7.03142e-04  -6.77407e-04  -6.51347e-04  -6.24984e-04  -5.98340e-04  -5.71437e-04
 -5.44295e-04  -5.16938e-04  -4.89387e-04  -4.61664e-04  -4.33792e-04  -4.05791e-04
 -3.77685e-04  -3.49496e-04  -3.21244e-04  -2.92952e-04  -2.64642e-04  -2.36334e-04
 -2.08051e-04  -1.79814e-04  -1.51643e-04  -1.23560e-04  -9.55841e-05  -6.77369e-05
 -4.00379e-05  -1.25070e-05   1.48364e-05   4.19732e-05   6.88844e-05   9.55518e-05
  1.21957e-04   1.48083e-04   1.73911e-04   1.99425e-04   2.24609e-04   2.49446e-04
  2.73920e-04   2.98017e-04   3.21721e-04   3.45019e-04   3.67895e-04   3.90338e-04
  4.12334e-04   4.33871e-04   4.54936e-04   4.75519e-04   4.95608e-04   5.15193e-04
  5.34265e-04   5.52813e-04   5.70830e-04   5.88306e-04   6.05234e-04   6.21606e-04
  6.37417e-04   6.52658e-04   6.67326e-04   6.81415e-04   6.94919e-04   7.07835e-04
  7.20159e-04   7.31887e-04   7.43018e-04   7.53549e-04   7.63477e-04   7.72803e-04
  7.81524e-04   7.89642e-04   7.97155e-04   8.04065e-04   8.10372e-04   8.16079e-04
  8.21186e-04   8.25697e-04   8.29613e-04   8.32939e-04   8.35677e-04   8.37831e-04
  8.39407e-04   8.40407e-04   8.40838e-04   8.40705e-04   8.40013e-04   8.38768e-04
  8.36977e-04   8.34646e-04   8.31782e-04   8.28393e-04   8.24485e-04   8.20066e-04
  8.15145e-04   8.09729e-04   8.03827e-04   7.97447e-04   7.90599e-04   7.83291e-04
  7.75532e-04   7.67333e-04   7.58702e-04   7.49649e-04   7.40184e-04   7.30317e-04
  7.20058e-04   7.09418e-04   6.98407e-04   6.87035e-04   6.75312e-04   6.63250e-04
  6.50860e-04   6.38151e-04   6.25135e-04   6.11823e-04   5.98226e-04   5.84355e-04
  5.70220e-04   5.55833e-04   5.41205e-04   5.26348e-04   5.11271e-04   4.95987e-04
  4.80506e-04   4.64840e-04   4.48999e-04   4.32995e-04   4.16838e-04   4.00540e-04
  3.84112e-04   3.67564e-04   3.50908e-04   3.34154e-04   3.17314e-04   3.00397e-04
  2.83414e-04   2.66377e-04   2.49295e-04   2.32179e-04   2.15040e-04   1.97888e-04
  1.80732e-04   1.63584e-04   1.46453e-04   1.29349e-04   1.12282e-04   9.52613e-05
  7.82975e-05   6.13997e-05   4.45775e-05   2.78401e-05   1.11968e-05  -5.34331e-06
 -2.17711e-05  -3.80778e-05  -5.42545e-05  -7.02926e-05  -8.61836e-05  -1.01919e-04
 -1.17491e-04  -1.32890e-04  -1.48110e-04  -1.63142e-04  -1.77978e-04  -1.92611e-04
 -2.07033e-04  -2.21238e-04  -2.35217e-04  -2.48964e-04  -2.62473e-04  -2.75735e-04
 -2.88746e-04  -3.01497e-04  -3.13985e-04  -3.26201e-04  -3.38140e-04  -3.49798e-04
 -3.61167e-04  -3.72243e-04  -3.83020e-04  -3.93494e-04  -4.03660e-04  -4.13513e-04
 -4.23048e-04  -4.32262e-04  -4.41150e-04  -4.49709e-04  -4.57934e-04  -4.65823e-04
 -4.73372e-04  -4.80578e-04  -4.87438e-04  -4.93949e-04  -5.00110e-04  -5.05917e-04
 -5.11369e-04  -5.16464e-04  -5.21201e-04  -5.25578e-04  -5.29593e-04  -5.33246e-04
 -5.36537e-04  -5.39464e-04  -5.42028e-04  -5.44228e-04  -5.46065e-04  -5.47539e-04
 -5.48650e-04  -5.49400e-04  -5.49790e-04  -5.49820e-04  -5.49493e-04  -5.48810e-04
 -5.47773e-04  -5.46384e-04  -5.44646e-04  -5.42561e-04  -5.40132e-04  -5.37363e-04
 -5.34257e-04  -5.30816e-04  -5.27045e-04  -5.22948e-04  -5.18529e-04  -5.13792e-04
 -5.08741e-04  -5.03382e-04  -4.97720e-04  -4.91759e-04  -4.85505e-04  -4.78963e-04
 -4.72139e-04  -4.65039e-04  -4.57669e-04  -4.50036e-04  -4.42144e-04  -4.34002e-04
 -4.25615e-04  -4.16991e-04  -4.08136e-04  -3.99058e-04  -3.89764e-04  -3.80261e-04
 -3.70557e-04  -3.60659e-04  -3.50576e-04  -3.40314e-04  -3.29882e-04  -3.19288e-04
 -3.08540e-04  -2.97646e-04  -2.86614e-04  -2.75454e-04  -2.64172e-04  -2.52778e-04
 -2.41280e-04  -2.29687e-04  -2.18007e-04  -2.06249e-04  -1.94421e-04  -1.82532e-04
 -1.70591e-04  -1.58606e-04  -1.46585e-04  -1.34538e-04  -1.22473e-04  -1.10399e-04
 -9.83238e-05  -8.62560e-05  -7.42041e-05  -6.21765e-05  -5.01815e-05  -3.82273e-05
 -2.63221e-05  -1.44739e-05  -2.69067e-06   9.01961e-06   2.06492e-05   3.21904e-05
  4.36356e-05   5.49775e-05   6.62086e-05   7.73217e-05   8.83098e-05   9.91660e-05
  1.09883e-04   1.20455e-04   1.30875e-04   1.41137e-04   1.51234e-04   1.61161e-04
  1.70912e-04   1.80481e-04   1.89862e-04   1.99050e-04   2.08040e-04   2.16828e-04
  2.25407e-04   2.33775e-04   2.41925e-04   2.49855e-04   2.57560e-04   2.65036e-04
  2.72280e-04   2.79288e-04   2.86057e-04   2.92584e-04   2.98866e-04   3.04901e-04
  3.10686e-04   3.16219e-04   3.21498e-04   3.26521e-04   3.31286e-04   3.35793e-04
  3.40040e-04   3.44025e-04   3.47749e-04   3.51210e-04   3.54409e-04   3.57344e-04
  3.60017e-04   3.62426e-04   3.64573e-04   3.66458e-04   3.68082e-04   3.69445e-04
  3.70549e-04   3.71395e-04   3.71985e-04   3.72319e-04   3.72401e-04   3.72231e-04
  3.71812e-04   3.71146e-04   3.70236e-04   3.69084e-04   3.67692e-04   3.66065e-04
  3.64204e-04   3.62113e-04   3.59795e-04   3.57253e-04   3.54491e-04   3.51513e-04
  3.48323e-04   3.44924e-04   3.41319e-04   3.37515e-04   3.33513e-04   3.29320e-04
  3.24938e-04   3.20373e-04   3.15629e-04   3.10711e-04   3.05623e-04   3.00370e-04
  2.94958e-04   2.89390e-04   2.83672e-04   2.77809e-04   2.71805e-04   2.65667e-04
  2.59398e-04   2.53005e-04   2.46493e-04   2.39866e-04   2.33130e-04   2.26290e-04
  2.19352e-04   2.12321e-04   2.05202e-04   1.98000e-04   1.90722e-04   1.83372e-04
  1.75955e-04   1.68477e-04   1.60944e-04   1.53360e-04   1.45731e-04   1.38062e-04
  1.30359e-04   1.22627e-04   1.14870e-04   1.07094e-04   9.93049e-05   9.15068e-05
  8.37051e-05   7.59048e-05   6.81110e-05   6.03284e-05   5.25621e-05   4.48169e-05
  3.70975e-05   2.94086e-05   2.17550e-05   1.41413e-05   6.57192e-06  -9.48572e-07
 -8.41577e-06  -1.58253e-05  -2.31730e-05  -3.04546e-05  -3.76659e-05  -4.48029e-05
 -5.18616e-05  -5.88382e-05  -6.57287e-05  -7.25296e-05  -7.92370e-05  -8.58475e-05
 -9.23575e-05  -9.87637e-05  -1.05063e-04  -1.11251e-04  -1.17326e-04  -1.23285e-04
 -1.29124e-04  -1.34840e-04  -1.40432e-04  -1.45896e-04  -1.51229e-04  -1.56429e-04
 -1.61494e-04  -1.66422e-04  -1.71210e-04  -1.75856e-04  -1.80358e-04  -1.84715e-04
 -1.88923e-04  -1.92983e-04  -1.96892e-04  -2.00649e-04  -2.04252e-04  -2.07700e-04
 -2.10992e-04  -2.14127e-04  -2.17103e-04  -2.19921e-04  -2.22578e-04  -2.25075e-04
 -2.27411e-04  -2.29585e-04  -2.31597e-04  -2.33447e-04  -2.35134e-04  -2.36659e-04
 -2.38022e-04  -2.39221e-04  -2.40259e-04  -2.41135e-04  -2.41849e-04  -2.42403e-04
 -2.42796e-04  -2.43029e-04  -2.43104e-04  -2.43021e-04  -2.42781e-04  -2.42384e-04
 -2.41834e-04  -2.41129e-04  -2.40273e-04  -2.39266e-04  -2.38109e-04  -2.36806e-04
 -2.35356e-04  -2.33762e-04  -2.32026e-04  -2.30150e-04  -2.28135e-04  -2.25984e-04
 -2.23700e-04  -2.21283e-04  -2.18737e-04  -2.16064e-04  -2.13266e-04  -2.10346e-04
 -2.07307e-04  -2.04151e-04  -2.00880e-04  -1.97499e-04  -1.94008e-04  -1.90412e-04
 -1.86714e-04  -1.82916e-04  -1.79021e-04  -1.75032e-04  -1.70953e-04  -1.66787e-04
 -1.62537e-04  -1.58206e-04  -1.53798e-04  -1.49315e-04  -1.44762e-04  -1.40142e-04
 -1.35457e-04  -1.30712e-04  -1.25911e-04  -1.21055e-04  -1.16150e-04  -1.11199e-04
 -1.06204e-04  -1.01170e-04  -9.61006e-05  -9.09989e-05  -8.58685e-05  -8.07131e-05
 -7.55362e-05  -7.03414e-05  -6.51323e-05  -5.99124e-05  -5.46852e-05  -4.94544e-05
 -4.42234e-05  -3.89957e-05  -3.37748e-05  -2.85641e-05  -2.33671e-05  -1.81871e-05
 -1.30276e-05  -7.89185e-06  -2.78317e-06   2.29516e-06   7.33992e-06   1.23479e-05
  1.73160e-05   2.22411e-05   2.71202e-05   3.19501e-05   3.67281e-05   4.14512e-05
  4.61165e-05   5.07212e-05   5.52627e-05   5.97382e-05   6.41451e-05   6.84809e-05
  7.27431e-05   7.69293e-05   8.10371e-05   8.50643e-05   8.90086e-05   9.28679e-05
  9.66401e-05   1.00323e-04   1.03915e-04   1.07415e-04   1.10819e-04   1.14127e-04
  1.17338e-04   1.20449e-04   1.23459e-04   1.26366e-04   1.29170e-04   1.31869e-04
  1.34463e-04   1.36949e-04   1.39327e-04   1.41596e-04   1.43755e-04   1.45804e-04
  1.47742e-04   1.49568e-04   1.51282e-04   1.52883e-04   1.54372e-04   1.55747e-04
  1.57009e-04   1.58158e-04   1.59193e-04   1.60115e-04   1.60923e-04   1.61619e-04
  1.62202e-04   1.62673e-04   1.63032e-04   1.63279e-04   1.63416e-04   1.63443e-04
  1.63361e-04   1.63170e-04   1.62871e-04   1.62466e-04   1.61956e-04   1.61341e-04
  1.60622e-04   1.59801e-04   1.58880e-04   1.57859e-04   1.56739e-04   1.55523e-04
  1.54212e-04   1.52807e-04   1.51311e-04   1.49723e-04   1.48047e-04   1.46285e-04
  1.44437e-04   1.42505e-04   1.40493e-04   1.38401e-04   1.36231e-04   1.33986e-04
  1.31668e-04   1.29278e-04   1.26819e-04   1.24293e-04   1.21702e-04   1.19048e-04
  1.16334e-04   1.13561e-04   1.10733e-04   1.07851e-04   1.04917e-04   1.01934e-04
  9.89047e-05   9.58308e-05   9.27149e-05   8.95593e-05   8.63664e-05   8.31386e-05
  7.98783e-05   7.65878e-05   7.32697e-05   6.99262e-05   6.65597e-05   6.31727e-05
  5.97676e-05   5.63466e-05   5.29123e-05   4.94668e-05   4.60126e-05   4.25521e-05

