my_srf_acc txt 
1998  8.00000e-02 0 0  0.00000e+00  0.00000e+00  0.00000e+00  0.00000e+00
  2.55176e-06   1.09425e-05   3.04377e-05   6.27616e-05   1.04287e-04   1.48685e-04
  1.91138e-04   2.29704e-04   2.64009e-04   2.94002e-04   3.19653e-04   3.40951e-04
  3.57905e-04   3.70542e-04   3.78908e-04   3.83063e-04   3.83088e-04   3.79079e-04
  3.71146e-04   3.59414e-04   3.44024e-04   3.25127e-04   3.02887e-04   2.77481e-04
  2.49096e-04   2.17926e-04   1.84177e-04   1.48061e-04   1.09797e-04   6.96090e-05
  2.77278e-05  -1.56130e-05  -6.01766e-05  -1.05724e-04  -1.52015e-04  -1.98809e-04
 -2.45866e-04  -2.92948e-04  -3.39818e-04  -3.86242e-04  -4.31993e-04  -4.76845e-04
 -5.20579e-04  -5.62982e-04  -6.03848e-04  -6.42978e-04  -6.80182e-04  -7.15278e-04
 -7.48094e-04  -7.78466e-04  -8.06242e-04  -8.31280e-04  -8.53450e-04  -8.72632e-04
 -8.88718e-04  -9.01612e-04  -9.11231e-04  -9.17505e-04  -9.20374e-04  -9.19792e-04
 -9.15727e-04  -9.08157e-04  -8.97076e-04  -8.82488e-04  -8.64410e-04  -8.42872e-04
 -8.17916e-04  -7.89597e-04  -7.57979e-04  -7.23140e-04  -6.85169e-04  -6.44164e-04
 -6.00236e-04  -5.53503e-04  -5.04095e-04  -4.52150e-04  -3.97816e-04  -3.41247e-04
 -2.82605e-04  -2.22062e-04  -1.59792e-04  -9.59778e-05  -3.08074e-05   3.55274e-05
  1.02830e-04   1.70901e-04   2.39538e-04   3.08535e-04   3.77687e-04   4.46785e-04
  5.15621e-04   5.83989e-04   6.51682e-04   7.18493e-04   7.84221e-04   8.48664e-04
  9.11627e-04   9.72915e-04   1.03234e-03   1.08972e-03   1.14487e-03   1.19762e-03
  1.24781e-03   1.29528e-03   1.33988e-03   1.38145e-03   1.41988e-03   1.45502e-03
  1.48676e-03   1.51500e-03   1.53962e-03   1.56055e-03   1.57771e-03   1.59101e-03
  1.60041e-03   1.60586e-03   1.60731e-03   1.60474e-03   1.59814e-03   1.58749e-03
  1.57280e-03   1.55409e-03   1.53138e-03   1.50471e-03   1.47413e-03   1.43969e-03
  1.40146e-03   1.35952e-03   1.31396e-03   1.26486e-03   1.21235e-03   1.15653e-03
  1.09752e-03   1.03546e-03   9.70483e-04   9.02740e-04   8.32383e-04   7.59573e-04
  6.84477e-04   6.07265e-04   5.28118e-04   4.47216e-04   3.64747e-04   2.80903e-04
  1.95877e-04   1.09867e-04   2.30725e-05  -6.43047e-05  -1.52061e-04  -2.39994e-04
 -3.27898e-04  -4.15569e-04  -5.02803e-04  -5.89398e-04  -6.75154e-04  -7.59871e-04
 -8.43353e-04  -9.25407e-04  -1.00584e-03  -1.08448e-03  -1.16113e-03  -1.23562e-03
 -1.30778e-03  -1.37744e-03  -1.44445e-03  -1.50864e-03  -1.56989e-03  -1.62804e-03
 -1.68296e-03  -1.73453e-03  -1.78264e-03  -1.82717e-03  -1.86803e-03  -1.90512e-03
 -1.93837e-03  -1.96770e-03  -1.99304e-03  -2.01435e-03  -2.03157e-03  -2.04467e-03
 -2.05362e-03  -2.05841e-03  -2.05902e-03  -2.05547e-03  -2.04775e-03  -2.03589e-03
 -2.01992e-03  -1.99988e-03  -1.97581e-03  -1.94777e-03  -1.91583e-03  -1.88006e-03
 -1.84053e-03  -1.79735e-03  -1.75060e-03  -1.70039e-03  -1.64684e-03  -1.59006e-03
 -1.53018e-03  -1.46733e-03  -1.40164e-03  -1.33327e-03  -1.26236e-03  -1.18906e-03
 -1.11353e-03  -1.03594e-03  -9.56448e-04  -8.75226e-04  -7.92446e-04  -7.08284e-04
 -6.22917e-04  -5.36523e-04  -4.49282e-04  -3.61377e-04  -2.72988e-04  -1.84298e-04
 -9.54877e-05  -6.73789e-06   8.17716e-05   1.69863e-04   2.57359e-04   3.44086e-04
  4.29873e-04   5.14552e-04   5.97956e-04   6.79926e-04   7.60302e-04   8.38934e-04
  9.15671e-04   9.90371e-04   1.06289e-03   1.13311e-03   1.20089e-03   1.26611e-03
  1.32866e-03   1.38843e-03   1.44532e-03   1.49923e-03   1.55008e-03   1.59777e-03
  1.64225e-03   1.68344e-03   1.72128e-03   1.75572e-03   1.78671e-03   1.81423e-03
  1.83823e-03   1.85870e-03   1.87563e-03   1.88900e-03   1.89881e-03   1.90508e-03
  1.90782e-03   1.90705e-03   1.90280e-03   1.89511e-03   1.88401e-03   1.86957e-03
  1.85184e-03   1.83087e-03   1.80674e-03   1.77952e-03   1.74929e-03   1.71615e-03
  1.68017e-03   1.64146e-03   1.60011e-03   1.55623e-03   1.50994e-03   1.46134e-03
  1.41055e-03   1.35769e-03   1.30289e-03   1.24626e-03   1.18795e-03   1.12808e-03
  1.06678e-03   1.00418e-03   9.40430e-04   8.75657e-04   8.09999e-04   7.43594e-04
  6.76580e-04   6.09092e-04   5.41268e-04   4.73244e-04   4.05154e-04   3.37131e-04
  2.69307e-04   2.01812e-04   1.34772e-04   6.83128e-05   2.55694e-06  -6.23765e-05
 -1.26371e-04  -1.89314e-04  -2.51096e-04  -3.11612e-04  -3.70759e-04  -4.28440e-04
 -4.84562e-04  -5.39036e-04  -5.91777e-04  -6.42706e-04  -6.91748e-04  -7.38833e-04
 -7.83895e-04  -8.26875e-04  -8.67718e-04  -9.06375e-04  -9.42800e-04  -9.76954e-04
 -1.00880e-03  -1.03832e-03  -1.06548e-03  -1.09027e-03  -1.11266e-03  -1.13267e-03
 -1.15027e-03  -1.16548e-03  -1.17830e-03  -1.18874e-03  -1.19683e-03  -1.20258e-03
 -1.20601e-03  -1.20717e-03  -1.20608e-03  -1.20279e-03  -1.19734e-03  -1.18977e-03
 -1.18014e-03  -1.16850e-03  -1.15490e-03  -1.13943e-03  -1.12212e-03  -1.10306e-03
 -1.08231e-03  -1.05995e-03  -1.03605e-03  -1.01069e-03  -9.83937e-04  -9.55884e-04
 -9.26610e-04  -8.96198e-04  -8.64731e-04  -8.32296e-04  -7.98977e-04  -7.64861e-04
 -7.30036e-04  -6.94586e-04  -6.58599e-04  -6.22162e-04  -5.85359e-04  -5.48276e-04
 -5.10997e-04  -4.73604e-04  -4.36181e-04  -3.98807e-04  -3.61560e-04  -3.24520e-04
 -2.87760e-04  -2.51353e-04  -2.15373e-04  -1.79886e-04  -1.44961e-04  -1.10661e-04
 -7.70466e-05  -4.41781e-05  -1.21110e-05   1.91015e-05   4.94093e-05   7.87652e-05
  1.07125e-04   1.34448e-04   1.60696e-04   1.85834e-04   2.09832e-04   2.32660e-04
  2.54295e-04   2.74715e-04   2.93901e-04   3.11838e-04   3.28515e-04   3.43923e-04
  3.58057e-04   3.70913e-04   3.82494e-04   3.92802e-04   4.01846e-04   4.09633e-04
  4.16178e-04   4.21496e-04   4.25603e-04   4.28522e-04   4.30275e-04   4.30888e-04
  4.30388e-04   4.28806e-04   4.26173e-04   4.22524e-04   4.17894e-04   4.12322e-04
  4.05846e-04   3.98507e-04   3.90348e-04   3.81411e-04   3.71741e-04   3.61384e-04
  3.50385e-04   3.38793e-04   3.26654e-04   3.14017e-04   3.00929e-04   2.87441e-04
  2.73600e-04   2.59455e-04   2.45055e-04   2.30449e-04   2.15683e-04   2.00806e-04
  1.85864e-04   1.70904e-04   1.55970e-04   1.41108e-04   1.26359e-04   1.11768e-04
  9.73734e-05   8.32165e-05   6.93351e-05   5.57663e-05   4.25453e-05   2.97060e-05
  1.72805e-05   5.29925e-06  -6.20909e-06  -1.72176e-05  -2.77013e-05  -3.76370e-05
 -4.70033e-05  -5.57812e-05  -6.39530e-05  -7.15036e-05  -7.84194e-05  -8.46892e-05
 -9.03033e-05  -9.52545e-05  -9.95372e-05  -1.03148e-04  -1.06085e-04  -1.08349e-04
 -1.09943e-04  -1.10869e-04  -1.11135e-04  -1.10747e-04  -1.09716e-04  -1.08052e-04
 -1.05769e-04  -1.02880e-04  -9.94021e-05  -9.53518e-05  -9.07481e-05  -8.56113e-05
 -7.99625e-05  -7.38243e-05  -6.72205e-05  -6.01757e-05  -5.27156e-05  -4.48667e-05
 -3.66564e-05  -2.81129e-05  -1.92648e-05  -1.01415e-05  -7.72690e-07   8.81137e-06
  1.85802e-05   2.85031e-05   3.85491e-05   4.86874e-05   5.88869e-05   6.91168e-05
  7.93464e-05   8.95453e-05   9.96834e-05   1.09731e-04   1.19659e-04   1.29438e-04
  1.39040e-04   1.48438e-04   1.57606e-04   1.66517e-04   1.75145e-04   1.83468e-04
  1.91462e-04   1.99104e-04   2.06373e-04   2.13250e-04   2.19715e-04   2.25750e-04
  2.31340e-04   2.36468e-04   2.41121e-04   2.45286e-04   2.48951e-04   2.52107e-04
  2.54744e-04   2.56855e-04   2.58433e-04   2.59475e-04   2.59976e-04   2.59935e-04
  2.59351e-04   2.58224e-04   2.56556e-04   2.54351e-04   2.51612e-04   2.48346e-04
  2.44560e-04   2.40262e-04   2.35461e-04   2.30167e-04   2.24393e-04   2.18151e-04
  2.11454e-04   2.04317e-04   1.96757e-04   1.88789e-04   1.80430e-04   1.71700e-04
  1.62616e-04   1.53200e-04   1.43469e-04   1.33447e-04   1.23154e-04   1.12611e-04
  1.01842e-04   9.08687e-05   7.97145e-05   6.84026e-05   5.69563e-05   4.53994e-05
  3.37556e-05   2.20485e-05   1.03021e-05  -1.46024e-06  -1.32148e-05  -2.49383e-05
 -3.66076e-05  -4.81999e-05  -5.96926e-05  -7.10637e-05  -8.22915e-05  -9.33547e-05
 -1.04233e-04  -1.14905e-04  -1.25353e-04  -1.35556e-04  -1.45498e-04  -1.55160e-04
 -1.64525e-04  -1.73578e-04  -1.82304e-04  -1.90687e-04  -1.98715e-04  -2.06374e-04
 -2.13653e-04  -2.20542e-04  -2.27029e-04  -2.33106e-04  -2.38766e-04  -2.44000e-04
 -2.48803e-04  -2.53169e-04  -2.57095e-04  -2.60576e-04  -2.63611e-04  -2.66198e-04
 -2.68337e-04  -2.70029e-04  -2.71273e-04  -2.72074e-04  -2.72434e-04  -2.72358e-04
 -2.71849e-04  -2.70915e-04  -2.69561e-04  -2.67796e-04  -2.65626e-04  -2.63062e-04
 -2.60112e-04  -2.56787e-04  -2.53098e-04  -2.49056e-04  -2.44674e-04  -2.39964e-04
 -2.34939e-04  -2.29612e-04  -2.23999e-04  -2.18113e-04  -2.11969e-04  -2.05583e-04
 -1.98970e-04  -1.92145e-04  -1.85124e-04  -1.77924e-04  -1.70561e-04  -1.63050e-04
 -1.55409e-04  -1.47654e-04  -1.39802e-04  -1.31867e-04  -1.23868e-04  -1.15820e-04
 -1.07738e-04  -9.96397e-05  -9.15393e-05  -8.34527e-05  -7.53947e-05  -6.73802e-05
 -5.94235e-05  -5.15387e-05  -4.37395e-05  -3.60389e-05  -2.84498e-05  -2.09846e-05
 -1.36550e-05  -6.47241e-06   5.52387e-07   7.40911e-06   1.40880e-05   2.05800e-05
  2.68764e-05   3.29692e-05   3.88511e-05   4.45153e-05   4.99554e-05   5.51661e-05
  6.01422e-05   6.48795e-05   6.93742e-05   7.36231e-05   7.76239e-05   8.13744e-05
  8.48736e-05   8.81205e-05   9.11152e-05   9.38580e-05   9.63500e-05   9.85926e-05
  1.00588e-04   1.02339e-04   1.03849e-04   1.05120e-04   1.06158e-04   1.06967e-04
  1.07552e-04   1.07918e-04   1.08071e-04   1.08017e-04   1.07763e-04   1.07316e-04
  1.06682e-04   1.05870e-04   1.04887e-04   1.03741e-04   1.02440e-04   1.00993e-04
  9.94075e-05   9.76931e-05   9.58583e-05   9.39121e-05   9.18634e-05   8.97212e-05
  8.74946e-05   8.51926e-05   8.28243e-05   8.03986e-05   7.79245e-05   7.54107e-05
  7.28661e-05   7.02992e-05   6.77184e-05   6.51320e-05   6.25481e-05   5.99746e-05
  5.74191e-05   5.48891e-05   5.23918e-05   4.99340e-05   4.75224e-05   4.51633e-05
  4.28628e-05   4.06266e-05   3.84600e-05   3.63682e-05   3.43558e-05   3.24273e-05
  3.05866e-05   2.88374e-05   2.71831e-05   2.56265e-05   2.41703e-05   2.28165e-05
  2.15672e-05   2.04237e-05   1.93872e-05   1.84584e-05   1.76376e-05   1.69250e-05
  1.63201e-05   1.58224e-05   1.54309e-05   1.51441e-05   1.49606e-05   1.48783e-05
  1.48950e-05   1.50082e-05   1.52150e-05   1.55123e-05   1.58969e-05   1.63651e-05
  1.69132e-05   1.75371e-05   1.82325e-05   1.89952e-05   1.98205e-05   2.07036e-05
  2.16397e-05   2.26239e-05   2.36509e-05   2.47155e-05   2.58126e-05   2.69366e-05
  2.80822e-05   2.92440e-05   3.04165e-05   3.15943e-05   3.27719e-05   3.39438e-05
  3.51047e-05   3.62493e-05   3.73724e-05   3.84686e-05   3.95331e-05   4.05608e-05
  4.15469e-05   4.24867e-05   4.33756e-05   4.42092e-05   4.49833e-05   4.56939e-05
  4.63371e-05   4.69092e-05   4.74068e-05   4.78266e-05   4.81657e-05   4.84211e-05
  4.85903e-05   4.86711e-05   4.86613e-05   4.85591e-05   4.83629e-05   4.80714e-05
  4.76835e-05   4.71983e-05   4.66153e-05   4.59342e-05   4.51549e-05   4.42776e-05
  4.33028e-05   4.22312e-05   4.10637e-05   3.98015e-05   3.84461e-05   3.69990e-05
  3.54623e-05   3.38379e-05   3.21283e-05   3.03360e-05   2.84637e-05   2.65144e-05
  2.44912e-05   2.23974e-05   2.02365e-05   1.80121e-05   1.57280e-05   1.33882e-05
  1.09966e-05   8.55757e-06   6.07527e-06   3.55413e-06   9.98632e-07  -1.58666e-06
 -4.19712e-06  -6.82807e-06  -9.47478e-06  -1.21325e-05  -1.47964e-05  -1.74617e-05
 -2.01237e-05  -2.27774e-05  -2.54182e-05  -2.80414e-05  -3.06421e-05  -3.32158e-05
 -3.57580e-05  -3.82640e-05  -4.07294e-05  -4.31500e-05  -4.55214e-05  -4.78396e-05
 -5.01005e-05  -5.23003e-05  -5.44351e-05  -5.65014e-05  -5.84957e-05  -6.04147e-05
 -6.22552e-05  -6.40142e-05  -6.56889e-05  -6.72767e-05  -6.87751e-05  -7.01817e-05
 -7.14946e-05  -7.27117e-05  -7.38314e-05  -7.48522e-05  -7.57727e-05  -7.65917e-05
 -7.73085e-05  -7.79222e-05  -7.84323e-05  -7.88384e-05  -7.91405e-05  -7.93386e-05
 -7.94329e-05  -7.94239e-05  -7.93122e-05  -7.90986e-05  -7.87842e-05  -7.83701e-05
 -7.78576e-05  -7.72483e-05  -7.65438e-05  -7.57461e-05  -7.48570e-05  -7.38788e-05
 -7.28138e-05  -7.16643e-05  -7.04330e-05  -6.91225e-05  -6.77355e-05  -6.62751e-05
 -6.47443e-05  -6.31460e-05  -6.14836e-05  -5.97602e-05  -5.79793e-05  -5.61442e-05
 -5.42585e-05  -5.23255e-05  -5.03490e-05  -4.83324e-05  -4.62794e-05  -4.41937e-05
 -4.20788e-05  -3.99384e-05  -3.77761e-05  -3.55957e-05  -3.34007e-05  -3.11946e-05
 -2.89811e-05  -2.67637e-05  -2.45458e-05  -2.23308e-05  -2.01221e-05  -1.79230e-05
 -1.57368e-05  -1.35664e-05  -1.14151e-05  -9.28571e-06  -7.18121e-06  -5.10437e-06
 -3.05787e-06  -1.04429e-06   9.33897e-07   2.87432e-06   4.77473e-06   6.63299e-06
  8.44710e-06   1.02151e-05   1.19354e-05   1.36061e-05   1.52259e-05   1.67933e-05
  1.83071e-05   1.97660e-05   2.11692e-05   2.25158e-05   2.38048e-05   2.50359e-05
  2.62084e-05   2.73220e-05   2.83763e-05   2.93714e-05   3.03071e-05   3.11836e-05
  3.20011e-05   3.27598e-05   3.34603e-05   3.41030e-05   3.46887e-05   3.52180e-05
  3.56917e-05   3.61108e-05   3.64763e-05   3.67893e-05   3.70509e-05   3.72624e-05
  3.74251e-05   3.75403e-05   3.76094e-05   3.76341e-05   3.76157e-05   3.75560e-05
  3.74564e-05   3.73187e-05   3.71446e-05   3.69357e-05   3.66938e-05   3.64207e-05
  3.61181e-05   3.57879e-05   3.54317e-05   3.50513e-05   3.46487e-05   3.42254e-05
  3.37832e-05   3.33240e-05   3.28493e-05   3.23609e-05   3.18605e-05   3.13496e-05
  3.08298e-05   3.03027e-05   2.97698e-05   2.92325e-05   2.86923e-05   2.81505e-05
  2.76084e-05   2.70673e-05   2.65283e-05   2.59927e-05   2.54614e-05   2.49354e-05
  2.44159e-05   2.39035e-05   2.33992e-05   2.29036e-05   2.24175e-05   2.19415e-05
  2.14761e-05   2.10219e-05   2.05792e-05   2.01484e-05   1.97298e-05   1.93236e-05
  1.89299e-05   1.85489e-05   1.81806e-05   1.78250e-05   1.74819e-05   1.71513e-05
  1.68328e-05   1.65264e-05   1.62316e-05   1.59482e-05   1.56757e-05   1.54136e-05
  1.51616e-05   1.49189e-05   1.46852e-05   1.44598e-05   1.42421e-05   1.40313e-05
  1.38269e-05   1.36280e-05   1.34340e-05   1.32442e-05   1.30577e-05   1.28738e-05
  1.26917e-05   1.25106e-05   1.23297e-05   1.21482e-05   1.19653e-05   1.17802e-05
  1.15922e-05   1.14005e-05   1.12043e-05   1.10028e-05   1.07954e-05   1.05813e-05
  1.03599e-05   1.01305e-05   9.89242e-06   9.64513e-06   9.38802e-06   9.12057e-06
  8.84226e-06   8.55263e-06   8.25124e-06   7.93770e-06   7.61166e-06   7.27280e-06
  6.92086e-06   6.55560e-06   6.17685e-06   5.78446e-06   5.37835e-06   4.95845e-06
  4.52478e-06   4.07737e-06   3.61631e-06   3.14173e-06   2.65381e-06   2.15279e-06
  1.63891e-06   1.11251e-06   5.73928e-07   2.35687e-08  -5.38129e-07  -1.11068e-06
 -1.69358e-06  -2.28626e-06  -2.88812e-06  -3.49854e-06  -4.11685e-06  -4.74236e-06
 -5.37435e-06  -6.01204e-06  -6.65467e-06  -7.30142e-06  -7.95147e-06  -8.60395e-06
 -9.25800e-06  -9.91272e-06  -1.05672e-05  -1.12205e-05  -1.18718e-05  -1.25200e-05
 -1.31643e-05  -1.38036e-05  -1.44371e-05  -1.50638e-05  -1.56826e-05  -1.62927e-05
 -1.68932e-05  -1.74830e-05  -1.80613e-05  -1.86272e-05  -1.91797e-05  -1.97179e-05
 -2.02411e-05  -2.07483e-05  -2.12388e-05  -2.17117e-05  -2.21662e-05  -2.26017e-05
 -2.30173e-05  -2.34125e-05  -2.37864e-05  -2.41386e-05  -2.44685e-05  -2.47753e-05
 -2.50588e-05  -2.53182e-05  -2.55533e-05  -2.57636e-05  -2.59487e-05  -2.61084e-05
 -2.62423e-05  -2.63501e-05  -2.64317e-05  -2.64869e-05  -2.65157e-05  -2.65178e-05
 -2.64933e-05  -2.64422e-05  -2.63646e-05  -2.62605e-05  -2.61301e-05  -2.59735e-05
 -2.57910e-05  -2.55828e-05  -2.53492e-05  -2.50905e-05  -2.48072e-05  -2.44996e-05
 -2.41682e-05  -2.38134e-05  -2.34358e-05  -2.30359e-05  -2.26143e-05  -2.21717e-05
 -2.17085e-05  -2.12256e-05  -2.07236e-05  -2.02032e-05  -1.96652e-05  -1.91103e-05
 -1.85393e-05  -1.79530e-05  -1.73523e-05  -1.67379e-05  -1.61107e-05  -1.54716e-05
 -1.48215e-05  -1.41612e-05  -1.34916e-05  -1.28136e-05  -1.21282e-05  -1.14361e-05
 -1.07384e-05  -1.00359e-05  -9.32947e-06  -8.62009e-06  -7.90860e-06  -7.19591e-06
 -6.48287e-06  -5.77035e-06  -5.05922e-06  -4.35030e-06  -3.64443e-06  -2.94241e-06
 -2.24506e-06  -1.55313e-06  -8.67403e-07  -1.88605e-07   4.82539e-07   1.14533e-06
  1.79910e-06   2.44319e-06   3.07698e-06   3.69986e-06   4.31125e-06   4.91061e-06
  5.49741e-06   6.07115e-06   6.63136e-06   7.17761e-06   7.70948e-06   8.22659e-06
  8.72858e-06   9.21511e-06   9.68591e-06   1.01407e-05   1.05792e-05   1.10013e-05
  1.14067e-05   1.17953e-05   1.21670e-05   1.25216e-05   1.28592e-05   1.31796e-05
  1.34828e-05   1.37689e-05   1.40378e-05   1.42897e-05   1.45245e-05   1.47425e-05
  1.49437e-05   1.51283e-05   1.52965e-05   1.54484e-05   1.55843e-05   1.57043e-05
  1.58087e-05   1.58979e-05   1.59720e-05   1.60313e-05   1.60762e-05   1.61070e-05
  1.61239e-05   1.61274e-05   1.61178e-05   1.60955e-05   1.60607e-05   1.60140e-05
  1.59556e-05   1.58860e-05   1.58055e-05   1.57146e-05   1.56136e-05   1.55029e-05
  1.53830e-05   1.52542e-05   1.51169e-05   1.49715e-05   1.48184e-05   1.46581e-05
  1.44908e-05   1.43170e-05   1.41370e-05   1.39512e-05   1.37600e-05   1.35637e-05
  1.33626e-05   1.31572e-05   1.29476e-05   1.27344e-05   1.25176e-05   1.22977e-05
  1.20750e-05   1.18497e-05   1.16221e-05   1.13924e-05   1.11609e-05   1.09278e-05
  1.06934e-05   1.04579e-05   1.02213e-05   9.98408e-06   9.74623e-06   9.50796e-06
  9.26943e-06   9.03077e-06   8.79212e-06   8.55359e-06   8.31530e-06   8.07733e-06
  7.83979e-06   7.60274e-06   7.36626e-06   7.13039e-06   6.89520e-06   6.66072e-06
  6.42698e-06   6.19402e-06   5.96184e-06   5.73046e-06   5.49987e-06   5.27009e-06
  5.04110e-06   4.81288e-06   4.58543e-06   4.35871e-06   4.13271e-06   3.90739e-06
  3.68272e-06   3.45867e-06   3.23521e-06   3.01229e-06   2.78989e-06   2.56795e-06
  2.34646e-06   2.12536e-06   1.90462e-06   1.68421e-06   1.46410e-06   1.24425e-06
  1.02465e-06   8.05257e-07   5.86059e-07   3.67040e-07   1.48184e-07  -7.05154e-08
 -2.89063e-07  -5.07456e-07  -7.25690e-07  -9.43752e-07  -1.16163e-06  -1.37929e-06
 -1.59670e-06  -1.81385e-06  -2.03067e-06  -2.24713e-06  -2.46316e-06  -2.67872e-06
 -2.89373e-06  -3.10812e-06  -3.32180e-06  -3.53470e-06  -3.74672e-06  -3.95777e-06
 -4.16773e-06  -4.37650e-06  -4.58396e-06  -4.78998e-06  -4.99446e-06  -5.19724e-06
 -5.39819e-06  -5.59717e-06  -5.79404e-06  -5.98864e-06  -6.18082e-06  -6.37042e-06
 -6.55727e-06  -6.74122e-06  -6.92210e-06  -7.09974e-06  -7.27396e-06  -7.44460e-06
 -7.61147e-06  -7.77442e-06  -7.93325e-06  -8.08780e-06  -8.23790e-06  -8.38336e-06
 -8.52402e-06  -8.65971e-06  -8.79025e-06  -8.91548e-06  -9.03524e-06  -9.14937e-06
 -9.25771e-06  -9.36011e-06  -9.45642e-06  -9.54649e-06  -9.63020e-06  -9.70739e-06
 -9.77796e-06  -9.84177e-06  -9.89871e-06  -9.94868e-06  -9.99157e-06  -1.00273e-05
 -1.00557e-05  -1.00769e-05  -1.00906e-05  -1.00968e-05  -1.00955e-05  -1.00867e-05
 -1.00702e-05  -1.00461e-05  -1.00143e-05  -9.97490e-06  -9.92781e-06  -9.87306e-06
 -9.81067e-06  -9.74066e-06  -9.66309e-06  -9.57798e-06  -9.48539e-06  -9.38540e-06
 -9.27806e-06  -9.16348e-06  -9.04173e-06  -8.91292e-06  -8.77717e-06  -8.63458e-06
 -8.48529e-06  -8.32943e-06  -8.16715e-06  -7.99859e-06  -7.82393e-06  -7.64332e-06
 -7.45694e-06  -7.26497e-06  -7.06761e-06  -6.86504e-06  -6.65747e-06  -6.44510e-06
 -6.22815e-06  -6.00684e-06  -5.78138e-06  -5.55201e-06  -5.31896e-06  -5.08247e-06
 -4.84276e-06  -4.60009e-06  -4.35470e-06  -4.10684e-06  -3.85676e-06  -3.60471e-06
 -3.35094e-06  -3.09571e-06  -2.83926e-06  -2.58186e-06  -2.32376e-06  -2.06521e-06
 -1.80647e-06  -1.54778e-06  -1.28940e-06  -1.03157e-06  -7.74548e-07  -5.18567e-07
 -2.63870e-07  -1.06936e-08   2.40729e-07   4.90168e-07   7.37398e-07   9.82199e-07
  1.22435e-06   1.46365e-06   1.69989e-06   1.93286e-06   2.16238e-06   2.38825e-06
  2.61029e-06   2.82833e-06   3.04219e-06   3.25171e-06   3.45674e-06   3.65713e-06
  3.85273e-06   4.04341e-06   4.22903e-06   4.40949e-06   4.58466e-06   4.75445e-06
  4.91874e-06   5.07746e-06   5.23051e-06   5.37783e-06   5.51934e-06   5.65498e-06
  5.78470e-06   5.90846e-06   6.02621e-06   6.13792e-06   6.24358e-06   6.34315e-06
  6.43664e-06   6.52404e-06   6.60535e-06   6.68059e-06   6.74977e-06   6.81291e-06
  6.87004e-06   6.92120e-06   6.96643e-06   7.00578e-06   7.03930e-06   7.06704e-06
  7.08907e-06   7.10546e-06   7.11628e-06   7.12161e-06   7.12152e-06   7.11611e-06
  7.10545e-06   7.08965e-06   7.06881e-06   7.04301e-06   7.01236e-06   6.97697e-06
  6.93695e-06   6.89240e-06   6.84344e-06   6.79018e-06   6.73273e-06   6.67122e-06
  6.60576e-06   6.53647e-06   6.46347e-06   6.38689e-06   6.30684e-06   6.22344e-06
  6.13683e-06   6.04711e-06   5.95442e-06   5.85887e-06   5.76058e-06   5.65968e-06
  5.55628e-06   5.45050e-06   5.34246e-06   5.23227e-06   5.12006e-06   5.00593e-06
  4.88999e-06   4.77236e-06   4.65314e-06   4.53245e-06   4.41037e-06   4.28703e-06
  4.16251e-06   4.03692e-06   3.91035e-06   3.78290e-06   3.65466e-06   3.52572e-06
  3.39617e-06   3.26609e-06   3.13557e-06   3.00469e-06   2.87352e-06   2.74215e-06
  2.61065e-06   2.47909e-06   2.34753e-06   2.21606e-06   2.08473e-06   1.95361e-06
  1.82276e-06   1.69224e-06   1.56211e-06   1.43243e-06   1.30324e-06   1.17460e-06
  1.04657e-06   9.19181e-07   7.92496e-07   6.66556e-07   5.41405e-07   4.17088e-07
  2.93646e-07   1.71120e-07   4.95495e-08  -7.10262e-08  -1.90570e-07  -3.09044e-07
 -4.26414e-07  -5.42645e-07  -6.57701e-07  -7.71550e-07  -8.84158e-07  -9.95494e-07
 -1.10552e-06  -1.21422e-06  -1.32155e-06  -1.42748e-06  -1.53198e-06  -1.63502e-06
 -1.73657e-06  -1.83661e-06  -1.93510e-06  -2.03201e-06  -2.12732e-06  -2.22098e-06
 -2.31299e-06  -2.40330e-06  -2.49188e-06  -2.57871e-06  -2.66376e-06  -2.74700e-06
 -2.82839e-06  -2.90791e-06  -2.98554e-06  -3.06123e-06  -3.13497e-06  -3.20672e-06
 -3.27645e-06  -3.34413e-06  -3.40974e-06  -3.47324e-06  -3.53461e-06  -3.59382e-06
 -3.65084e-06  -3.70564e-06  -3.75819e-06  -3.80847e-06  -3.85645e-06  -3.90211e-06
 -3.94541e-06  -3.98634e-06  -4.02487e-06  -4.06097e-06  -4.09463e-06  -4.12581e-06
 -4.15450e-06  -4.18068e-06  -4.20433e-06  -4.22543e-06  -4.24397e-06  -4.25992e-06
 -4.27328e-06  -4.28402e-06  -4.29214e-06  -4.29763e-06  -4.30048e-06  -4.30068e-06
 -4.29822e-06  -4.29310e-06  -4.28532e-06  -4.27488e-06  -4.26178e-06  -4.24601e-06
 -4.22759e-06  -4.20652e-06  -4.18282e-06  -4.15648e-06  -4.12752e-06  -4.09597e-06
 -4.06182e-06  -4.02511e-06  -3.98586e-06  -3.94408e-06  -3.89980e-06  -3.85305e-06
 -3.80386e-06  -3.75225e-06  -3.69828e-06  -3.64195e-06  -3.58333e-06  -3.52244e-06
 -3.45934e-06  -3.39405e-06  -3.32663e-06  -3.25713e-06  -3.18560e-06  -3.11209e-06
 -3.03665e-06  -2.95934e-06  -2.88021e-06  -2.79934e-06  -2.71677e-06  -2.63257e-06
 -2.54680e-06  -2.45954e-06  -2.37085e-06  -2.28079e-06  -2.18944e-06  -2.09687e-06
 -2.00315e-06  -1.90836e-06  -1.81257e-06  -1.71586e-06  -1.61830e-06  -1.51997e-06
 -1.42096e-06  -1.32133e-06  -1.22117e-06  -1.12056e-06  -1.01957e-06  -9.18300e-07
 -8.16817e-07  -7.15206e-07  -6.13547e-07  -5.11922e-07  -4.10411e-07  -3.09094e-07
 -2.08052e-07  -1.07365e-07  -7.11197e-09   9.26289e-08   1.91779e-07   2.90263e-07
  3.88002e-07   4.84923e-07   5.80950e-07   6.76011e-07   7.70034e-07   8.62947e-07
  9.54683e-07   1.04517e-06   1.13435e-06   1.22215e-06   1.30850e-06   1.39336e-06
  1.47665e-06   1.55833e-06   1.63832e-06   1.71659e-06   1.79307e-06   1.86772e-06
  1.94048e-06   2.01132e-06   2.08018e-06   2.14703e-06   2.21183e-06   2.27453e-06
  2.33511e-06   2.39352e-06   2.44975e-06   2.50375e-06   2.55551e-06   2.60499e-06
  2.65219e-06   2.69707e-06   2.73962e-06   2.77983e-06   2.81768e-06   2.85317e-06
  2.88628e-06   2.91701e-06   2.94535e-06   2.97131e-06   2.99488e-06   3.01607e-06
  3.03489e-06   3.05133e-06   3.06541e-06   3.07714e-06   3.08654e-06   3.09361e-06
  3.09838e-06   3.10087e-06   3.10108e-06   3.09906e-06   3.09482e-06   3.08838e-06
  3.07978e-06   3.06904e-06   3.05619e-06   3.04127e-06   3.02431e-06   3.00535e-06
  2.98441e-06   2.96153e-06   2.93676e-06   2.91014e-06   2.88170e-06   2.85148e-06
  2.81953e-06   2.78589e-06   2.75060e-06   2.71372e-06   2.67527e-06   2.63532e-06
  2.59390e-06   2.55106e-06   2.50686e-06   2.46133e-06   2.41453e-06   2.36650e-06
  2.31730e-06   2.26697e-06   2.21556e-06   2.16312e-06   2.10970e-06   2.05535e-06
  2.00011e-06   1.94404e-06   1.88719e-06   1.82960e-06   1.77132e-06   1.71241e-06
  1.65290e-06   1.59284e-06   1.53229e-06   1.47129e-06   1.40988e-06   1.34811e-06
  1.28603e-06   1.22368e-06   1.16111e-06   1.09836e-06   1.03546e-06   9.72476e-07
  9.09435e-07   8.46381e-07   7.83356e-07   7.20399e-07   6.57549e-07   5.94845e-07
  5.32324e-07   4.70023e-07   4.07979e-07   3.46227e-07   2.84803e-07   2.23739e-07
  1.63070e-07   1.02828e-07   4.30441e-08  -1.62495e-08  -7.50230e-08  -1.33247e-07
 -1.90892e-07  -2.47931e-07  -3.04336e-07  -3.60081e-07  -4.15140e-07  -4.69487e-07
 -5.23099e-07  -5.75951e-07  -6.28022e-07  -6.79288e-07  -7.29727e-07  -7.79320e-07
 -8.28047e-07  -8.75886e-07  -9.22821e-07  -9.68832e-07  -1.01390e-06  -1.05801e-06
 -1.10115e-06  -1.14330e-06  -1.18445e-06  -1.22457e-06  -1.26366e-06  -1.30171e-06
 -1.33870e-06  -1.37462e-06  -1.40945e-06  -1.44320e-06  -1.47584e-06  -1.50737e-06
 -1.53777e-06  -1.56705e-06  -1.59519e-06  -1.62218e-06  -1.64802e-06  -1.67270e-06
 -1.69621e-06  -1.71855e-06  -1.73972e-06  -1.75971e-06  -1.77852e-06  -1.79613e-06
 -1.81256e-06  -1.82780e-06  -1.84184e-06  -1.85469e-06  -1.86634e-06  -1.87679e-06
 -1.88605e-06  -1.89412e-06  -1.90099e-06  -1.90667e-06  -1.91117e-06  -1.91447e-06
 -1.91660e-06  -1.91755e-06  -1.91732e-06  -1.91593e-06  -1.91337e-06  -1.90965e-06
 -1.90479e-06  -1.89878e-06  -1.89164e-06  -1.88338e-06  -1.87399e-06  -1.86350e-06
 -1.85191e-06  -1.83924e-06  -1.82549e-06  -1.81067e-06  -1.79481e-06  -1.77790e-06
 -1.75997e-06  -1.74103e-06  -1.72110e-06  -1.70018e-06  -1.67829e-06  -1.65546e-06
 -1.63169e-06  -1.60701e-06  -1.58143e-06  -1.55497e-06  -1.52765e-06  -1.49949e-06
 -1.47051e-06  -1.44073e-06  -1.41017e-06  -1.37885e-06  -1.34679e-06  -1.31402e-06
 -1.28056e-06  -1.24644e-06  -1.21166e-06  -1.17627e-06  -1.14029e-06  -1.10373e-06
 -1.06663e-06  -1.02900e-06  -9.90890e-07  -9.52309e-07  -9.13287e-07  -8.73853e-07
 -8.34032e-07  -7.93854e-07  -7.53345e-07  -7.12533e-07  -6.71448e-07  -6.30116e-07
 -5.88568e-07  -5.46830e-07  -5.04934e-07  -4.62906e-07  -4.20777e-07  -3.78575e-07
 -3.36329e-07  -2.94069e-07  -2.51824e-07  -2.09622e-07  -1.67493e-07  -1.25465e-07
 -8.35677e-08  -4.18290e-08  -2.77583e-10   4.10582e-08   8.21504e-08   1.22971e-07
  1.63493e-07   2.03688e-07   2.43530e-07   2.82992e-07   3.22047e-07   3.60671e-07
  3.98836e-07   4.36519e-07   4.73694e-07   5.10337e-07   5.46425e-07   5.81934e-07
  6.16841e-07   6.51125e-07   6.84763e-07   7.17735e-07   7.50020e-07   7.81599e-07
  8.12452e-07   8.42560e-07   8.71907e-07   9.00474e-07   9.28244e-07   9.55203e-07
  9.81335e-07   1.00663e-06   1.03106e-06   1.05463e-06   1.07732e-06   1.09911e-06
  1.12001e-06   1.13999e-06   1.15905e-06   1.17718e-06   1.19437e-06   1.21062e-06
  1.22592e-06   1.24027e-06   1.25365e-06   1.26607e-06   1.27753e-06   1.28802e-06
  1.29754e-06   1.30609e-06   1.31367e-06   1.32028e-06   1.32593e-06   1.33061e-06
  1.33433e-06   1.33710e-06   1.33891e-06   1.33978e-06   1.33970e-06   1.33870e-06
  1.33677e-06   1.33392e-06   1.33016e-06   1.32551e-06   1.31996e-06   1.31354e-06
  1.30625e-06   1.29811e-06   1.28913e-06   1.27931e-06   1.26868e-06   1.25726e-06
  1.24504e-06   1.23205e-06   1.21831e-06   1.20383e-06   1.18863e-06   1.17272e-06
  1.15612e-06   1.13885e-06   1.12092e-06   1.10236e-06   1.08319e-06   1.06341e-06
  1.04306e-06   1.02215e-06   1.00070e-06   9.78731e-07   9.56262e-07   9.33313e-07
  9.09905e-07   8.86059e-07   8.61796e-07   8.37135e-07   8.12097e-07   7.86704e-07
  7.60977e-07   7.34935e-07   7.08601e-07   6.81995e-07   6.55138e-07   6.28051e-07
  6.00755e-07   5.73269e-07   5.45616e-07   5.17815e-07   4.89886e-07   4.61851e-07
  4.33729e-07   4.05539e-07   3.77303e-07   3.49039e-07   3.20766e-07   2.92505e-07
  2.64273e-07   2.36090e-07   2.07973e-07   1.79942e-07   1.52014e-07   1.24207e-07

