xlen=30.00000
nx=300
     0   0.00000e+00   1.00000e-01
     1   1.00000e-01   1.00000e-01
     2   2.00000e-01   1.00000e-01
     3   3.00000e-01   1.00000e-01
     4   4.00000e-01   1.00000e-01
     5   5.00000e-01   1.00000e-01
     6   6.00000e-01   1.00000e-01
     7   7.00000e-01   1.00000e-01
     8   8.00000e-01   1.00000e-01
     9   9.00000e-01   1.00000e-01
    10   1.00000e+00   1.00000e-01
    11   1.10000e+00   1.00000e-01
    12   1.20000e+00   1.00000e-01
    13   1.30000e+00   1.00000e-01
    14   1.40000e+00   1.00000e-01
    15   1.50000e+00   1.00000e-01
    16   1.60000e+00   1.00000e-01
    17   1.70000e+00   1.00000e-01
    18   1.80000e+00   1.00000e-01
    19   1.90000e+00   1.00000e-01
    20   2.00000e+00   1.00000e-01
    21   2.10000e+00   1.00000e-01
    22   2.20000e+00   1.00000e-01
    23   2.30000e+00   1.00000e-01
    24   2.40000e+00   1.00000e-01
    25   2.50000e+00   1.00000e-01
    26   2.60000e+00   1.00000e-01
    27   2.70000e+00   1.00000e-01
    28   2.80000e+00   1.00000e-01
    29   2.90000e+00   1.00000e-01
    30   3.00000e+00   1.00000e-01
    31   3.10000e+00   1.00000e-01
    32   3.20000e+00   1.00000e-01
    33   3.30000e+00   1.00000e-01
    34   3.40000e+00   1.00000e-01
    35   3.50000e+00   1.00000e-01
    36   3.60000e+00   1.00000e-01
    37   3.70000e+00   1.00000e-01
    38   3.80000e+00   1.00000e-01
    39   3.90000e+00   1.00000e-01
    40   4.00000e+00   1.00000e-01
    41   4.10000e+00   1.00000e-01
    42   4.20000e+00   1.00000e-01
    43   4.30000e+00   1.00000e-01
    44   4.40000e+00   1.00000e-01
    45   4.50000e+00   1.00000e-01
    46   4.60000e+00   1.00000e-01
    47   4.70000e+00   1.00000e-01
    48   4.80000e+00   1.00000e-01
    49   4.90000e+00   1.00000e-01
    50   5.00000e+00   1.00000e-01
    51   5.10000e+00   1.00000e-01
    52   5.20000e+00   1.00000e-01
    53   5.30000e+00   1.00000e-01
    54   5.40000e+00   1.00000e-01
    55   5.50000e+00   1.00000e-01
    56   5.60000e+00   1.00000e-01
    57   5.70000e+00   1.00000e-01
    58   5.80000e+00   1.00000e-01
    59   5.90000e+00   1.00000e-01
    60   6.00000e+00   1.00000e-01
    61   6.10000e+00   1.00000e-01
    62   6.20000e+00   1.00000e-01
    63   6.30000e+00   1.00000e-01
    64   6.40000e+00   1.00000e-01
    65   6.50000e+00   1.00000e-01
    66   6.60000e+00   1.00000e-01
    67   6.70000e+00   1.00000e-01
    68   6.80000e+00   1.00000e-01
    69   6.90000e+00   1.00000e-01
    70   7.00000e+00   1.00000e-01
    71   7.10000e+00   1.00000e-01
    72   7.20000e+00   1.00000e-01
    73   7.30000e+00   1.00000e-01
    74   7.40000e+00   1.00000e-01
    75   7.50000e+00   1.00000e-01
    76   7.60000e+00   1.00000e-01
    77   7.70000e+00   1.00000e-01
    78   7.80000e+00   1.00000e-01
    79   7.90000e+00   1.00000e-01
    80   8.00000e+00   1.00000e-01
    81   8.10000e+00   1.00000e-01
    82   8.20000e+00   1.00000e-01
    83   8.30000e+00   1.00000e-01
    84   8.40000e+00   1.00000e-01
    85   8.50000e+00   1.00000e-01
    86   8.60000e+00   1.00000e-01
    87   8.70000e+00   1.00000e-01
    88   8.80000e+00   1.00000e-01
    89   8.90000e+00   1.00000e-01
    90   9.00000e+00   1.00000e-01
    91   9.10000e+00   1.00000e-01
    92   9.20000e+00   1.00000e-01
    93   9.30000e+00   1.00000e-01
    94   9.40000e+00   1.00000e-01
    95   9.50000e+00   1.00000e-01
    96   9.60000e+00   1.00000e-01
    97   9.70000e+00   1.00000e-01
    98   9.80000e+00   1.00000e-01
    99   9.90000e+00   1.00000e-01
   100   1.00000e+01   1.00000e-01
   101   1.01000e+01   1.00000e-01
   102   1.02000e+01   1.00000e-01
   103   1.03000e+01   1.00000e-01
   104   1.04000e+01   1.00000e-01
   105   1.05000e+01   1.00000e-01
   106   1.06000e+01   1.00000e-01
   107   1.07000e+01   1.00000e-01
   108   1.08000e+01   1.00000e-01
   109   1.09000e+01   1.00000e-01
   110   1.10000e+01   1.00000e-01
   111   1.11000e+01   1.00000e-01
   112   1.12000e+01   1.00000e-01
   113   1.13000e+01   1.00000e-01
   114   1.14000e+01   1.00000e-01
   115   1.15000e+01   1.00000e-01
   116   1.16000e+01   1.00000e-01
   117   1.17000e+01   1.00000e-01
   118   1.18000e+01   1.00000e-01
   119   1.19000e+01   1.00000e-01
   120   1.20000e+01   1.00000e-01
   121   1.21000e+01   1.00000e-01
   122   1.22000e+01   1.00000e-01
   123   1.23000e+01   1.00000e-01
   124   1.24000e+01   1.00000e-01
   125   1.25000e+01   1.00000e-01
   126   1.26000e+01   1.00000e-01
   127   1.27000e+01   1.00000e-01
   128   1.28000e+01   1.00000e-01
   129   1.29000e+01   1.00000e-01
   130   1.30000e+01   1.00000e-01
   131   1.31000e+01   1.00000e-01
   132   1.32000e+01   1.00000e-01
   133   1.33000e+01   1.00000e-01
   134   1.34000e+01   1.00000e-01
   135   1.35000e+01   1.00000e-01
   136   1.36000e+01   1.00000e-01
   137   1.37000e+01   1.00000e-01
   138   1.38000e+01   1.00000e-01
   139   1.39000e+01   1.00000e-01
   140   1.40000e+01   1.00000e-01
   141   1.41000e+01   1.00000e-01
   142   1.42000e+01   1.00000e-01
   143   1.43000e+01   1.00000e-01
   144   1.44000e+01   1.00000e-01
   145   1.45000e+01   1.00000e-01
   146   1.46000e+01   1.00000e-01
   147   1.47000e+01   1.00000e-01
   148   1.48000e+01   1.00000e-01
   149   1.49000e+01   1.00000e-01
   150   1.50000e+01   1.00000e-01
   151   1.51000e+01   1.00000e-01
   152   1.52000e+01   1.00000e-01
   153   1.53000e+01   1.00000e-01
   154   1.54000e+01   1.00000e-01
   155   1.55000e+01   1.00000e-01
   156   1.56000e+01   1.00000e-01
   157   1.57000e+01   1.00000e-01
   158   1.58000e+01   1.00000e-01
   159   1.59000e+01   1.00000e-01
   160   1.60000e+01   1.00000e-01
   161   1.61000e+01   1.00000e-01
   162   1.62000e+01   1.00000e-01
   163   1.63000e+01   1.00000e-01
   164   1.64000e+01   1.00000e-01
   165   1.65000e+01   1.00000e-01
   166   1.66000e+01   1.00000e-01
   167   1.67000e+01   1.00000e-01
   168   1.68000e+01   1.00000e-01
   169   1.69000e+01   1.00000e-01
   170   1.70000e+01   1.00000e-01
   171   1.71000e+01   1.00000e-01
   172   1.72000e+01   1.00000e-01
   173   1.73000e+01   1.00000e-01
   174   1.74000e+01   1.00000e-01
   175   1.75000e+01   1.00000e-01
   176   1.76000e+01   1.00000e-01
   177   1.77000e+01   1.00000e-01
   178   1.78000e+01   1.00000e-01
   179   1.79000e+01   1.00000e-01
   180   1.80000e+01   1.00000e-01
   181   1.81000e+01   1.00000e-01
   182   1.82000e+01   1.00000e-01
   183   1.83000e+01   1.00000e-01
   184   1.84000e+01   1.00000e-01
   185   1.85000e+01   1.00000e-01
   186   1.86000e+01   1.00000e-01
   187   1.87000e+01   1.00000e-01
   188   1.88000e+01   1.00000e-01
   189   1.89000e+01   1.00000e-01
   190   1.90000e+01   1.00000e-01
   191   1.91000e+01   1.00000e-01
   192   1.92000e+01   1.00000e-01
   193   1.93000e+01   1.00000e-01
   194   1.94000e+01   1.00000e-01
   195   1.95000e+01   1.00000e-01
   196   1.96000e+01   1.00000e-01
   197   1.97000e+01   1.00000e-01
   198   1.98000e+01   1.00000e-01
   199   1.99000e+01   1.00000e-01
   200   2.00000e+01   1.00000e-01
   201   2.01000e+01   1.00000e-01
   202   2.02000e+01   1.00000e-01
   203   2.03000e+01   1.00000e-01
   204   2.04000e+01   1.00000e-01
   205   2.05000e+01   1.00000e-01
   206   2.06000e+01   1.00000e-01
   207   2.07000e+01   1.00000e-01
   208   2.08000e+01   1.00000e-01
   209   2.09000e+01   1.00000e-01
   210   2.10000e+01   1.00000e-01
   211   2.11000e+01   1.00000e-01
   212   2.12000e+01   1.00000e-01
   213   2.13000e+01   1.00000e-01
   214   2.14000e+01   1.00000e-01
   215   2.15000e+01   1.00000e-01
   216   2.16000e+01   1.00000e-01
   217   2.17000e+01   1.00000e-01
   218   2.18000e+01   1.00000e-01
   219   2.19000e+01   1.00000e-01
   220   2.20000e+01   1.00000e-01
   221   2.21000e+01   1.00000e-01
   222   2.22000e+01   1.00000e-01
   223   2.23000e+01   1.00000e-01
   224   2.24000e+01   1.00000e-01
   225   2.25000e+01   1.00000e-01
   226   2.26000e+01   1.00000e-01
   227   2.27000e+01   1.00000e-01
   228   2.28000e+01   1.00000e-01
   229   2.29000e+01   1.00000e-01
   230   2.30000e+01   1.00000e-01
   231   2.31000e+01   1.00000e-01
   232   2.32000e+01   1.00000e-01
   233   2.33000e+01   1.00000e-01
   234   2.34000e+01   1.00000e-01
   235   2.35000e+01   1.00000e-01
   236   2.36000e+01   1.00000e-01
   237   2.37000e+01   1.00000e-01
   238   2.38000e+01   1.00000e-01
   239   2.39000e+01   1.00000e-01
   240   2.40000e+01   1.00000e-01
   241   2.41000e+01   1.00000e-01
   242   2.42000e+01   1.00000e-01
   243   2.43000e+01   1.00000e-01
   244   2.44000e+01   1.00000e-01
   245   2.45000e+01   1.00000e-01
   246   2.46000e+01   1.00000e-01
   247   2.47000e+01   1.00000e-01
   248   2.48000e+01   1.00000e-01
   249   2.49000e+01   1.00000e-01
   250   2.50000e+01   1.00000e-01
   251   2.51000e+01   1.00000e-01
   252   2.52000e+01   1.00000e-01
   253   2.53000e+01   1.00000e-01
   254   2.54000e+01   1.00000e-01
   255   2.55000e+01   1.00000e-01
   256   2.56000e+01   1.00000e-01
   257   2.57000e+01   1.00000e-01
   258   2.58000e+01   1.00000e-01
   259   2.59000e+01   1.00000e-01
   260   2.60000e+01   1.00000e-01
   261   2.61000e+01   1.00000e-01
   262   2.62000e+01   1.00000e-01
   263   2.63000e+01   1.00000e-01
   264   2.64000e+01   1.00000e-01
   265   2.65000e+01   1.00000e-01
   266   2.66000e+01   1.00000e-01
   267   2.67000e+01   1.00000e-01
   268   2.68000e+01   1.00000e-01
   269   2.69000e+01   1.00000e-01
   270   2.70000e+01   1.00000e-01
   271   2.71000e+01   1.00000e-01
   272   2.72000e+01   1.00000e-01
   273   2.73000e+01   1.00000e-01
   274   2.74000e+01   1.00000e-01
   275   2.75000e+01   1.00000e-01
   276   2.76000e+01   1.00000e-01
   277   2.77000e+01   1.00000e-01
   278   2.78000e+01   1.00000e-01
   279   2.79000e+01   1.00000e-01
   280   2.80000e+01   1.00000e-01
   281   2.81000e+01   1.00000e-01
   282   2.82000e+01   1.00000e-01
   283   2.83000e+01   1.00000e-01
   284   2.84000e+01   1.00000e-01
   285   2.85000e+01   1.00000e-01
   286   2.86000e+01   1.00000e-01
   287   2.87000e+01   1.00000e-01
   288   2.88000e+01   1.00000e-01
   289   2.89000e+01   1.00000e-01
   290   2.90000e+01   1.00000e-01
   291   2.91000e+01   1.00000e-01
   292   2.92000e+01   1.00000e-01
   293   2.93000e+01   1.00000e-01
   294   2.94000e+01   1.00000e-01
   295   2.95000e+01   1.00000e-01
   296   2.96000e+01   1.00000e-01
   297   2.97000e+01   1.00000e-01
   298   2.98000e+01   1.00000e-01
   299   2.99000e+01   1.00000e-01
ylen=40.00000
ny=400
     0   0.00000e+00   1.00000e-01
     1   1.00000e-01   1.00000e-01
     2   2.00000e-01   1.00000e-01
     3   3.00000e-01   1.00000e-01
     4   4.00000e-01   1.00000e-01
     5   5.00000e-01   1.00000e-01
     6   6.00000e-01   1.00000e-01
     7   7.00000e-01   1.00000e-01
     8   8.00000e-01   1.00000e-01
     9   9.00000e-01   1.00000e-01
    10   1.00000e+00   1.00000e-01
    11   1.10000e+00   1.00000e-01
    12   1.20000e+00   1.00000e-01
    13   1.30000e+00   1.00000e-01
    14   1.40000e+00   1.00000e-01
    15   1.50000e+00   1.00000e-01
    16   1.60000e+00   1.00000e-01
    17   1.70000e+00   1.00000e-01
    18   1.80000e+00   1.00000e-01
    19   1.90000e+00   1.00000e-01
    20   2.00000e+00   1.00000e-01
    21   2.10000e+00   1.00000e-01
    22   2.20000e+00   1.00000e-01
    23   2.30000e+00   1.00000e-01
    24   2.40000e+00   1.00000e-01
    25   2.50000e+00   1.00000e-01
    26   2.60000e+00   1.00000e-01
    27   2.70000e+00   1.00000e-01
    28   2.80000e+00   1.00000e-01
    29   2.90000e+00   1.00000e-01
    30   3.00000e+00   1.00000e-01
    31   3.10000e+00   1.00000e-01
    32   3.20000e+00   1.00000e-01
    33   3.30000e+00   1.00000e-01
    34   3.40000e+00   1.00000e-01
    35   3.50000e+00   1.00000e-01
    36   3.60000e+00   1.00000e-01
    37   3.70000e+00   1.00000e-01
    38   3.80000e+00   1.00000e-01
    39   3.90000e+00   1.00000e-01
    40   4.00000e+00   1.00000e-01
    41   4.10000e+00   1.00000e-01
    42   4.20000e+00   1.00000e-01
    43   4.30000e+00   1.00000e-01
    44   4.40000e+00   1.00000e-01
    45   4.50000e+00   1.00000e-01
    46   4.60000e+00   1.00000e-01
    47   4.70000e+00   1.00000e-01
    48   4.80000e+00   1.00000e-01
    49   4.90000e+00   1.00000e-01
    50   5.00000e+00   1.00000e-01
    51   5.10000e+00   1.00000e-01
    52   5.20000e+00   1.00000e-01
    53   5.30000e+00   1.00000e-01
    54   5.40000e+00   1.00000e-01
    55   5.50000e+00   1.00000e-01
    56   5.60000e+00   1.00000e-01
    57   5.70000e+00   1.00000e-01
    58   5.80000e+00   1.00000e-01
    59   5.90000e+00   1.00000e-01
    60   6.00000e+00   1.00000e-01
    61   6.10000e+00   1.00000e-01
    62   6.20000e+00   1.00000e-01
    63   6.30000e+00   1.00000e-01
    64   6.40000e+00   1.00000e-01
    65   6.50000e+00   1.00000e-01
    66   6.60000e+00   1.00000e-01
    67   6.70000e+00   1.00000e-01
    68   6.80000e+00   1.00000e-01
    69   6.90000e+00   1.00000e-01
    70   7.00000e+00   1.00000e-01
    71   7.10000e+00   1.00000e-01
    72   7.20000e+00   1.00000e-01
    73   7.30000e+00   1.00000e-01
    74   7.40000e+00   1.00000e-01
    75   7.50000e+00   1.00000e-01
    76   7.60000e+00   1.00000e-01
    77   7.70000e+00   1.00000e-01
    78   7.80000e+00   1.00000e-01
    79   7.90000e+00   1.00000e-01
    80   8.00000e+00   1.00000e-01
    81   8.10000e+00   1.00000e-01
    82   8.20000e+00   1.00000e-01
    83   8.30000e+00   1.00000e-01
    84   8.40000e+00   1.00000e-01
    85   8.50000e+00   1.00000e-01
    86   8.60000e+00   1.00000e-01
    87   8.70000e+00   1.00000e-01
    88   8.80000e+00   1.00000e-01
    89   8.90000e+00   1.00000e-01
    90   9.00000e+00   1.00000e-01
    91   9.10000e+00   1.00000e-01
    92   9.20000e+00   1.00000e-01
    93   9.30000e+00   1.00000e-01
    94   9.40000e+00   1.00000e-01
    95   9.50000e+00   1.00000e-01
    96   9.60000e+00   1.00000e-01
    97   9.70000e+00   1.00000e-01
    98   9.80000e+00   1.00000e-01
    99   9.90000e+00   1.00000e-01
   100   1.00000e+01   1.00000e-01
   101   1.01000e+01   1.00000e-01
   102   1.02000e+01   1.00000e-01
   103   1.03000e+01   1.00000e-01
   104   1.04000e+01   1.00000e-01
   105   1.05000e+01   1.00000e-01
   106   1.06000e+01   1.00000e-01
   107   1.07000e+01   1.00000e-01
   108   1.08000e+01   1.00000e-01
   109   1.09000e+01   1.00000e-01
   110   1.10000e+01   1.00000e-01
   111   1.11000e+01   1.00000e-01
   112   1.12000e+01   1.00000e-01
   113   1.13000e+01   1.00000e-01
   114   1.14000e+01   1.00000e-01
   115   1.15000e+01   1.00000e-01
   116   1.16000e+01   1.00000e-01
   117   1.17000e+01   1.00000e-01
   118   1.18000e+01   1.00000e-01
   119   1.19000e+01   1.00000e-01
   120   1.20000e+01   1.00000e-01
   121   1.21000e+01   1.00000e-01
   122   1.22000e+01   1.00000e-01
   123   1.23000e+01   1.00000e-01
   124   1.24000e+01   1.00000e-01
   125   1.25000e+01   1.00000e-01
   126   1.26000e+01   1.00000e-01
   127   1.27000e+01   1.00000e-01
   128   1.28000e+01   1.00000e-01
   129   1.29000e+01   1.00000e-01
   130   1.30000e+01   1.00000e-01
   131   1.31000e+01   1.00000e-01
   132   1.32000e+01   1.00000e-01
   133   1.33000e+01   1.00000e-01
   134   1.34000e+01   1.00000e-01
   135   1.35000e+01   1.00000e-01
   136   1.36000e+01   1.00000e-01
   137   1.37000e+01   1.00000e-01
   138   1.38000e+01   1.00000e-01
   139   1.39000e+01   1.00000e-01
   140   1.40000e+01   1.00000e-01
   141   1.41000e+01   1.00000e-01
   142   1.42000e+01   1.00000e-01
   143   1.43000e+01   1.00000e-01
   144   1.44000e+01   1.00000e-01
   145   1.45000e+01   1.00000e-01
   146   1.46000e+01   1.00000e-01
   147   1.47000e+01   1.00000e-01
   148   1.48000e+01   1.00000e-01
   149   1.49000e+01   1.00000e-01
   150   1.50000e+01   1.00000e-01
   151   1.51000e+01   1.00000e-01
   152   1.52000e+01   1.00000e-01
   153   1.53000e+01   1.00000e-01
   154   1.54000e+01   1.00000e-01
   155   1.55000e+01   1.00000e-01
   156   1.56000e+01   1.00000e-01
   157   1.57000e+01   1.00000e-01
   158   1.58000e+01   1.00000e-01
   159   1.59000e+01   1.00000e-01
   160   1.60000e+01   1.00000e-01
   161   1.61000e+01   1.00000e-01
   162   1.62000e+01   1.00000e-01
   163   1.63000e+01   1.00000e-01
   164   1.64000e+01   1.00000e-01
   165   1.65000e+01   1.00000e-01
   166   1.66000e+01   1.00000e-01
   167   1.67000e+01   1.00000e-01
   168   1.68000e+01   1.00000e-01
   169   1.69000e+01   1.00000e-01
   170   1.70000e+01   1.00000e-01
   171   1.71000e+01   1.00000e-01
   172   1.72000e+01   1.00000e-01
   173   1.73000e+01   1.00000e-01
   174   1.74000e+01   1.00000e-01
   175   1.75000e+01   1.00000e-01
   176   1.76000e+01   1.00000e-01
   177   1.77000e+01   1.00000e-01
   178   1.78000e+01   1.00000e-01
   179   1.79000e+01   1.00000e-01
   180   1.80000e+01   1.00000e-01
   181   1.81000e+01   1.00000e-01
   182   1.82000e+01   1.00000e-01
   183   1.83000e+01   1.00000e-01
   184   1.84000e+01   1.00000e-01
   185   1.85000e+01   1.00000e-01
   186   1.86000e+01   1.00000e-01
   187   1.87000e+01   1.00000e-01
   188   1.88000e+01   1.00000e-01
   189   1.89000e+01   1.00000e-01
   190   1.90000e+01   1.00000e-01
   191   1.91000e+01   1.00000e-01
   192   1.92000e+01   1.00000e-01
   193   1.93000e+01   1.00000e-01
   194   1.94000e+01   1.00000e-01
   195   1.95000e+01   1.00000e-01
   196   1.96000e+01   1.00000e-01
   197   1.97000e+01   1.00000e-01
   198   1.98000e+01   1.00000e-01
   199   1.99000e+01   1.00000e-01
   200   2.00000e+01   1.00000e-01
   201   2.01000e+01   1.00000e-01
   202   2.02000e+01   1.00000e-01
   203   2.03000e+01   1.00000e-01
   204   2.04000e+01   1.00000e-01
   205   2.05000e+01   1.00000e-01
   206   2.06000e+01   1.00000e-01
   207   2.07000e+01   1.00000e-01
   208   2.08000e+01   1.00000e-01
   209   2.09000e+01   1.00000e-01
   210   2.10000e+01   1.00000e-01
   211   2.11000e+01   1.00000e-01
   212   2.12000e+01   1.00000e-01
   213   2.13000e+01   1.00000e-01
   214   2.14000e+01   1.00000e-01
   215   2.15000e+01   1.00000e-01
   216   2.16000e+01   1.00000e-01
   217   2.17000e+01   1.00000e-01
   218   2.18000e+01   1.00000e-01
   219   2.19000e+01   1.00000e-01
   220   2.20000e+01   1.00000e-01
   221   2.21000e+01   1.00000e-01
   222   2.22000e+01   1.00000e-01
   223   2.23000e+01   1.00000e-01
   224   2.24000e+01   1.00000e-01
   225   2.25000e+01   1.00000e-01
   226   2.26000e+01   1.00000e-01
   227   2.27000e+01   1.00000e-01
   228   2.28000e+01   1.00000e-01
   229   2.29000e+01   1.00000e-01
   230   2.30000e+01   1.00000e-01
   231   2.31000e+01   1.00000e-01
   232   2.32000e+01   1.00000e-01
   233   2.33000e+01   1.00000e-01
   234   2.34000e+01   1.00000e-01
   235   2.35000e+01   1.00000e-01
   236   2.36000e+01   1.00000e-01
   237   2.37000e+01   1.00000e-01
   238   2.38000e+01   1.00000e-01
   239   2.39000e+01   1.00000e-01
   240   2.40000e+01   1.00000e-01
   241   2.41000e+01   1.00000e-01
   242   2.42000e+01   1.00000e-01
   243   2.43000e+01   1.00000e-01
   244   2.44000e+01   1.00000e-01
   245   2.45000e+01   1.00000e-01
   246   2.46000e+01   1.00000e-01
   247   2.47000e+01   1.00000e-01
   248   2.48000e+01   1.00000e-01
   249   2.49000e+01   1.00000e-01
   250   2.50000e+01   1.00000e-01
   251   2.51000e+01   1.00000e-01
   252   2.52000e+01   1.00000e-01
   253   2.53000e+01   1.00000e-01
   254   2.54000e+01   1.00000e-01
   255   2.55000e+01   1.00000e-01
   256   2.56000e+01   1.00000e-01
   257   2.57000e+01   1.00000e-01
   258   2.58000e+01   1.00000e-01
   259   2.59000e+01   1.00000e-01
   260   2.60000e+01   1.00000e-01
   261   2.61000e+01   1.00000e-01
   262   2.62000e+01   1.00000e-01
   263   2.63000e+01   1.00000e-01
   264   2.64000e+01   1.00000e-01
   265   2.65000e+01   1.00000e-01
   266   2.66000e+01   1.00000e-01
   267   2.67000e+01   1.00000e-01
   268   2.68000e+01   1.00000e-01
   269   2.69000e+01   1.00000e-01
   270   2.70000e+01   1.00000e-01
   271   2.71000e+01   1.00000e-01
   272   2.72000e+01   1.00000e-01
   273   2.73000e+01   1.00000e-01
   274   2.74000e+01   1.00000e-01
   275   2.75000e+01   1.00000e-01
   276   2.76000e+01   1.00000e-01
   277   2.77000e+01   1.00000e-01
   278   2.78000e+01   1.00000e-01
   279   2.79000e+01   1.00000e-01
   280   2.80000e+01   1.00000e-01
   281   2.81000e+01   1.00000e-01
   282   2.82000e+01   1.00000e-01
   283   2.83000e+01   1.00000e-01
   284   2.84000e+01   1.00000e-01
   285   2.85000e+01   1.00000e-01
   286   2.86000e+01   1.00000e-01
   287   2.87000e+01   1.00000e-01
   288   2.88000e+01   1.00000e-01
   289   2.89000e+01   1.00000e-01
   290   2.90000e+01   1.00000e-01
   291   2.91000e+01   1.00000e-01
   292   2.92000e+01   1.00000e-01
   293   2.93000e+01   1.00000e-01
   294   2.94000e+01   1.00000e-01
   295   2.95000e+01   1.00000e-01
   296   2.96000e+01   1.00000e-01
   297   2.97000e+01   1.00000e-01
   298   2.98000e+01   1.00000e-01
   299   2.99000e+01   1.00000e-01
   300   3.00000e+01   1.00000e-01
   301   3.01000e+01   1.00000e-01
   302   3.02000e+01   1.00000e-01
   303   3.03000e+01   1.00000e-01
   304   3.04000e+01   1.00000e-01
   305   3.05000e+01   1.00000e-01
   306   3.06000e+01   1.00000e-01
   307   3.07000e+01   1.00000e-01
   308   3.08000e+01   1.00000e-01
   309   3.09000e+01   1.00000e-01
   310   3.10000e+01   1.00000e-01
   311   3.11000e+01   1.00000e-01
   312   3.12000e+01   1.00000e-01
   313   3.13000e+01   1.00000e-01
   314   3.14000e+01   1.00000e-01
   315   3.15000e+01   1.00000e-01
   316   3.16000e+01   1.00000e-01
   317   3.17000e+01   1.00000e-01
   318   3.18000e+01   1.00000e-01
   319   3.19000e+01   1.00000e-01
   320   3.20000e+01   1.00000e-01
   321   3.21000e+01   1.00000e-01
   322   3.22000e+01   1.00000e-01
   323   3.23000e+01   1.00000e-01
   324   3.24000e+01   1.00000e-01
   325   3.25000e+01   1.00000e-01
   326   3.26000e+01   1.00000e-01
   327   3.27000e+01   1.00000e-01
   328   3.28000e+01   1.00000e-01
   329   3.29000e+01   1.00000e-01
   330   3.30000e+01   1.00000e-01
   331   3.31000e+01   1.00000e-01
   332   3.32000e+01   1.00000e-01
   333   3.33000e+01   1.00000e-01
   334   3.34000e+01   1.00000e-01
   335   3.35000e+01   1.00000e-01
   336   3.36000e+01   1.00000e-01
   337   3.37000e+01   1.00000e-01
   338   3.38000e+01   1.00000e-01
   339   3.39000e+01   1.00000e-01
   340   3.40000e+01   1.00000e-01
   341   3.41000e+01   1.00000e-01
   342   3.42000e+01   1.00000e-01
   343   3.43000e+01   1.00000e-01
   344   3.44000e+01   1.00000e-01
   345   3.45000e+01   1.00000e-01
   346   3.46000e+01   1.00000e-01
   347   3.47000e+01   1.00000e-01
   348   3.48000e+01   1.00000e-01
   349   3.49000e+01   1.00000e-01
   350   3.50000e+01   1.00000e-01
   351   3.51000e+01   1.00000e-01
   352   3.52000e+01   1.00000e-01
   353   3.53000e+01   1.00000e-01
   354   3.54000e+01   1.00000e-01
   355   3.55000e+01   1.00000e-01
   356   3.56000e+01   1.00000e-01
   357   3.57000e+01   1.00000e-01
   358   3.58000e+01   1.00000e-01
   359   3.59000e+01   1.00000e-01
   360   3.60000e+01   1.00000e-01
   361   3.61000e+01   1.00000e-01
   362   3.62000e+01   1.00000e-01
   363   3.63000e+01   1.00000e-01
   364   3.64000e+01   1.00000e-01
   365   3.65000e+01   1.00000e-01
   366   3.66000e+01   1.00000e-01
   367   3.67000e+01   1.00000e-01
   368   3.68000e+01   1.00000e-01
   369   3.69000e+01   1.00000e-01
   370   3.70000e+01   1.00000e-01
   371   3.71000e+01   1.00000e-01
   372   3.72000e+01   1.00000e-01
   373   3.73000e+01   1.00000e-01
   374   3.74000e+01   1.00000e-01
   375   3.75000e+01   1.00000e-01
   376   3.76000e+01   1.00000e-01
   377   3.77000e+01   1.00000e-01
   378   3.78000e+01   1.00000e-01
   379   3.79000e+01   1.00000e-01
   380   3.80000e+01   1.00000e-01
   381   3.81000e+01   1.00000e-01
   382   3.82000e+01   1.00000e-01
   383   3.83000e+01   1.00000e-01
   384   3.84000e+01   1.00000e-01
   385   3.85000e+01   1.00000e-01
   386   3.86000e+01   1.00000e-01
   387   3.87000e+01   1.00000e-01
   388   3.88000e+01   1.00000e-01
   389   3.89000e+01   1.00000e-01
   390   3.90000e+01   1.00000e-01
   391   3.91000e+01   1.00000e-01
   392   3.92000e+01   1.00000e-01
   393   3.93000e+01   1.00000e-01
   394   3.94000e+01   1.00000e-01
   395   3.95000e+01   1.00000e-01
   396   3.96000e+01   1.00000e-01
   397   3.97000e+01   1.00000e-01
   398   3.98000e+01   1.00000e-01
   399   3.99000e+01   1.00000e-01
zlen=20.00000
nz=200
     0   0.00000e+00   1.00000e-01
     1   1.00000e-01   1.00000e-01
     2   2.00000e-01   1.00000e-01
     3   3.00000e-01   1.00000e-01
     4   4.00000e-01   1.00000e-01
     5   5.00000e-01   1.00000e-01
     6   6.00000e-01   1.00000e-01
     7   7.00000e-01   1.00000e-01
     8   8.00000e-01   1.00000e-01
     9   9.00000e-01   1.00000e-01
    10   1.00000e+00   1.00000e-01
    11   1.10000e+00   1.00000e-01
    12   1.20000e+00   1.00000e-01
    13   1.30000e+00   1.00000e-01
    14   1.40000e+00   1.00000e-01
    15   1.50000e+00   1.00000e-01
    16   1.60000e+00   1.00000e-01
    17   1.70000e+00   1.00000e-01
    18   1.80000e+00   1.00000e-01
    19   1.90000e+00   1.00000e-01
    20   2.00000e+00   1.00000e-01
    21   2.10000e+00   1.00000e-01
    22   2.20000e+00   1.00000e-01
    23   2.30000e+00   1.00000e-01
    24   2.40000e+00   1.00000e-01
    25   2.50000e+00   1.00000e-01
    26   2.60000e+00   1.00000e-01
    27   2.70000e+00   1.00000e-01
    28   2.80000e+00   1.00000e-01
    29   2.90000e+00   1.00000e-01
    30   3.00000e+00   1.00000e-01
    31   3.10000e+00   1.00000e-01
    32   3.20000e+00   1.00000e-01
    33   3.30000e+00   1.00000e-01
    34   3.40000e+00   1.00000e-01
    35   3.50000e+00   1.00000e-01
    36   3.60000e+00   1.00000e-01
    37   3.70000e+00   1.00000e-01
    38   3.80000e+00   1.00000e-01
    39   3.90000e+00   1.00000e-01
    40   4.00000e+00   1.00000e-01
    41   4.10000e+00   1.00000e-01
    42   4.20000e+00   1.00000e-01
    43   4.30000e+00   1.00000e-01
    44   4.40000e+00   1.00000e-01
    45   4.50000e+00   1.00000e-01
    46   4.60000e+00   1.00000e-01
    47   4.70000e+00   1.00000e-01
    48   4.80000e+00   1.00000e-01
    49   4.90000e+00   1.00000e-01
    50   5.00000e+00   1.00000e-01
    51   5.10000e+00   1.00000e-01
    52   5.20000e+00   1.00000e-01
    53   5.30000e+00   1.00000e-01
    54   5.40000e+00   1.00000e-01
    55   5.50000e+00   1.00000e-01
    56   5.60000e+00   1.00000e-01
    57   5.70000e+00   1.00000e-01
    58   5.80000e+00   1.00000e-01
    59   5.90000e+00   1.00000e-01
    60   6.00000e+00   1.00000e-01
    61   6.10000e+00   1.00000e-01
    62   6.20000e+00   1.00000e-01
    63   6.30000e+00   1.00000e-01
    64   6.40000e+00   1.00000e-01
    65   6.50000e+00   1.00000e-01
    66   6.60000e+00   1.00000e-01
    67   6.70000e+00   1.00000e-01
    68   6.80000e+00   1.00000e-01
    69   6.90000e+00   1.00000e-01
    70   7.00000e+00   1.00000e-01
    71   7.10000e+00   1.00000e-01
    72   7.20000e+00   1.00000e-01
    73   7.30000e+00   1.00000e-01
    74   7.40000e+00   1.00000e-01
    75   7.50000e+00   1.00000e-01
    76   7.60000e+00   1.00000e-01
    77   7.70000e+00   1.00000e-01
    78   7.80000e+00   1.00000e-01
    79   7.90000e+00   1.00000e-01
    80   8.00000e+00   1.00000e-01
    81   8.10000e+00   1.00000e-01
    82   8.20000e+00   1.00000e-01
    83   8.30000e+00   1.00000e-01
    84   8.40000e+00   1.00000e-01
    85   8.50000e+00   1.00000e-01
    86   8.60000e+00   1.00000e-01
    87   8.70000e+00   1.00000e-01
    88   8.80000e+00   1.00000e-01
    89   8.90000e+00   1.00000e-01
    90   9.00000e+00   1.00000e-01
    91   9.10000e+00   1.00000e-01
    92   9.20000e+00   1.00000e-01
    93   9.30000e+00   1.00000e-01
    94   9.40000e+00   1.00000e-01
    95   9.50000e+00   1.00000e-01
    96   9.60000e+00   1.00000e-01
    97   9.70000e+00   1.00000e-01
    98   9.80000e+00   1.00000e-01
    99   9.90000e+00   1.00000e-01
   100   1.00000e+01   1.00000e-01
   101   1.01000e+01   1.00000e-01
   102   1.02000e+01   1.00000e-01
   103   1.03000e+01   1.00000e-01
   104   1.04000e+01   1.00000e-01
   105   1.05000e+01   1.00000e-01
   106   1.06000e+01   1.00000e-01
   107   1.07000e+01   1.00000e-01
   108   1.08000e+01   1.00000e-01
   109   1.09000e+01   1.00000e-01
   110   1.10000e+01   1.00000e-01
   111   1.11000e+01   1.00000e-01
   112   1.12000e+01   1.00000e-01
   113   1.13000e+01   1.00000e-01
   114   1.14000e+01   1.00000e-01
   115   1.15000e+01   1.00000e-01
   116   1.16000e+01   1.00000e-01
   117   1.17000e+01   1.00000e-01
   118   1.18000e+01   1.00000e-01
   119   1.19000e+01   1.00000e-01
   120   1.20000e+01   1.00000e-01
   121   1.21000e+01   1.00000e-01
   122   1.22000e+01   1.00000e-01
   123   1.23000e+01   1.00000e-01
   124   1.24000e+01   1.00000e-01
   125   1.25000e+01   1.00000e-01
   126   1.26000e+01   1.00000e-01
   127   1.27000e+01   1.00000e-01
   128   1.28000e+01   1.00000e-01
   129   1.29000e+01   1.00000e-01
   130   1.30000e+01   1.00000e-01
   131   1.31000e+01   1.00000e-01
   132   1.32000e+01   1.00000e-01
   133   1.33000e+01   1.00000e-01
   134   1.34000e+01   1.00000e-01
   135   1.35000e+01   1.00000e-01
   136   1.36000e+01   1.00000e-01
   137   1.37000e+01   1.00000e-01
   138   1.38000e+01   1.00000e-01
   139   1.39000e+01   1.00000e-01
   140   1.40000e+01   1.00000e-01
   141   1.41000e+01   1.00000e-01
   142   1.42000e+01   1.00000e-01
   143   1.43000e+01   1.00000e-01
   144   1.44000e+01   1.00000e-01
   145   1.45000e+01   1.00000e-01
   146   1.46000e+01   1.00000e-01
   147   1.47000e+01   1.00000e-01
   148   1.48000e+01   1.00000e-01
   149   1.49000e+01   1.00000e-01
   150   1.50000e+01   1.00000e-01
   151   1.51000e+01   1.00000e-01
   152   1.52000e+01   1.00000e-01
   153   1.53000e+01   1.00000e-01
   154   1.54000e+01   1.00000e-01
   155   1.55000e+01   1.00000e-01
   156   1.56000e+01   1.00000e-01
   157   1.57000e+01   1.00000e-01
   158   1.58000e+01   1.00000e-01
   159   1.59000e+01   1.00000e-01
   160   1.60000e+01   1.00000e-01
   161   1.61000e+01   1.00000e-01
   162   1.62000e+01   1.00000e-01
   163   1.63000e+01   1.00000e-01
   164   1.64000e+01   1.00000e-01
   165   1.65000e+01   1.00000e-01
   166   1.66000e+01   1.00000e-01
   167   1.67000e+01   1.00000e-01
   168   1.68000e+01   1.00000e-01
   169   1.69000e+01   1.00000e-01
   170   1.70000e+01   1.00000e-01
   171   1.71000e+01   1.00000e-01
   172   1.72000e+01   1.00000e-01
   173   1.73000e+01   1.00000e-01
   174   1.74000e+01   1.00000e-01
   175   1.75000e+01   1.00000e-01
   176   1.76000e+01   1.00000e-01
   177   1.77000e+01   1.00000e-01
   178   1.78000e+01   1.00000e-01
   179   1.79000e+01   1.00000e-01
   180   1.80000e+01   1.00000e-01
   181   1.81000e+01   1.00000e-01
   182   1.82000e+01   1.00000e-01
   183   1.83000e+01   1.00000e-01
   184   1.84000e+01   1.00000e-01
   185   1.85000e+01   1.00000e-01
   186   1.86000e+01   1.00000e-01
   187   1.87000e+01   1.00000e-01
   188   1.88000e+01   1.00000e-01
   189   1.89000e+01   1.00000e-01
   190   1.90000e+01   1.00000e-01
   191   1.91000e+01   1.00000e-01
   192   1.92000e+01   1.00000e-01
   193   1.93000e+01   1.00000e-01
   194   1.94000e+01   1.00000e-01
   195   1.95000e+01   1.00000e-01
   196   1.96000e+01   1.00000e-01
   197   1.97000e+01   1.00000e-01
   198   1.98000e+01   1.00000e-01
   199   1.99000e+01   1.00000e-01
