 -116.768188    33.512028     0     0
 -116.767502    33.512718     1     0
 -116.766808    33.513409     2     0
 -116.766113    33.514099     3     0
 -116.765427    33.514790     4     0
 -116.764740    33.515476     5     0
 -116.764046    33.516167     6     0
 -116.763351    33.516857     7     0
 -116.762665    33.517548     8     0
 -116.761978    33.518234     9     0
 -116.761284    33.518925    10     0
 -116.760590    33.519615    11     0
 -116.759903    33.520306    12     0
 -116.759216    33.520996    13     0
 -116.758522    33.521683    14     0
 -116.757828    33.522373    15     0
 -116.757141    33.523064    16     0
 -116.756447    33.523754    17     0
 -116.755753    33.524441    18     0
 -116.755066    33.525131    19     0
 -116.754379    33.525822    20     0
 -116.753685    33.526512    21     0
 -116.752991    33.527199    22     0
 -116.752304    33.527889    23     0
 -116.751617    33.528580    24     0
 -116.750923    33.529270    25     0
 -116.750229    33.529957    26     0
 -116.749542    33.530647    27     0
 -116.748856    33.531338    28     0
 -116.748161    33.532028    29     0
 -116.747467    33.532719    30     0
 -116.746780    33.533405    31     0
 -116.746094    33.534096    32     0
 -116.745392    33.534786    33     0
 -116.744705    33.535477    34     0
 -116.744019    33.536163    35     0
 -116.743324    33.536854    36     0
 -116.742630    33.537544    37     0
 -116.741943    33.538235    38     0
 -116.741257    33.538921    39     0
 -116.740562    33.539612    40     0
 -116.739868    33.540302    41     0
 -116.739182    33.540989    42     0
 -116.738495    33.541679    43     0
 -116.737793    33.542370    44     0
 -116.737106    33.543060    45     0
 -116.736420    33.543747    46     0
 -116.735725    33.544437    47     0
 -116.735031    33.545128    48     0
 -116.734344    33.545818    49     0
 -116.733658    33.546505    50     0
 -116.732964    33.547195    51     0
 -116.732269    33.547886    52     0
 -116.731583    33.548576    53     0
 -116.730888    33.549263    54     0
 -116.730194    33.549953    55     0
 -116.729507    33.550644    56     0
 -116.728821    33.551334    57     0
 -116.728127    33.552021    58     0
 -116.727432    33.552711    59     0
 -116.726746    33.553402    60     0
 -116.726051    33.554089    61     0
 -116.725357    33.554779    62     0
 -116.724670    33.555470    63     0
 -116.723984    33.556160    64     0
 -116.723282    33.556847    65     0
 -116.722595    33.557537    66     0
 -116.721909    33.558228    67     0
 -116.721214    33.558914    68     0
 -116.720520    33.559605    69     0
 -116.719833    33.560295    70     0
 -116.719139    33.560986    71     0
 -116.718445    33.561672    72     0
 -116.717758    33.562363    73     0
 -116.717072    33.563053    74     0
 -116.716377    33.563740    75     0
 -116.715683    33.564430    76     0
 -116.714996    33.565121    77     0
 -116.714302    33.565811    78     0
 -116.713608    33.566498    79     0
 -116.712921    33.567188    80     0
 -116.712227    33.567879    81     0
 -116.711533    33.568565    82     0
 -116.710846    33.569256    83     0
 -116.710159    33.569946    84     0
 -116.709457    33.570633    85     0
 -116.708771    33.571323    86     0
 -116.708084    33.572014    87     0
 -116.707390    33.572704    88     0
 -116.706696    33.573391    89     0
 -116.706009    33.574081    90     0
 -116.705315    33.574772    91     0
 -116.704620    33.575459    92     0
 -116.703934    33.576149    93     0
 -116.703239    33.576839    94     0
 -116.702545    33.577526    95     0
 -116.701859    33.578217    96     0
 -116.701164    33.578907    97     0
 -116.700470    33.579594    98     0
 -116.699783    33.580284    99     0
 -116.699097    33.580975   100     0
 -116.698395    33.581665   101     0
 -116.697708    33.582352   102     0
 -116.697021    33.583042   103     0
 -116.696320    33.583733   104     0
 -116.695633    33.584419   105     0
 -116.694946    33.585110   106     0
 -116.694252    33.585800   107     0
 -116.693558    33.586487   108     0
 -116.692871    33.587177   109     0
 -116.692177    33.587868   110     0
 -116.691483    33.588554   111     0
 -116.690796    33.589245   112     0
 -116.690102    33.589935   113     0
 -116.689407    33.590622   114     0
 -116.688721    33.591312   115     0
 -116.688026    33.592003   116     0
 -116.687332    33.592690   117     0
 -116.686646    33.593380   118     0
 -116.685951    33.594070   119     0
 -116.685257    33.594757   120     0
 -116.684570    33.595448   121     0
 -116.683876    33.596138   122     0
 -116.683182    33.596825   123     0
 -116.682495    33.597515   124     0
 -116.681801    33.598206   125     0
 -116.681107    33.598892   126     0
 -116.680420    33.599583   127     0
 -116.679726    33.600273   128     0
 -116.679031    33.600960   129     0
 -116.678345    33.601650   130     0
 -116.677650    33.602341   131     0
 -116.676956    33.603027   132     0
 -116.676270    33.603718   133     0
 -116.675575    33.604408   134     0
 -116.674881    33.605095   135     0
 -116.674194    33.605785   136     0
 -116.673492    33.606472   137     0
 -116.672806    33.607162   138     0
 -116.672119    33.607853   139     0
 -116.671417    33.608540   140     0
 -116.670731    33.609230   141     0
 -116.670036    33.609921   142     0
 -116.669342    33.610607   143     0
 -116.668655    33.611298   144     0
 -116.667961    33.611988   145     0
 -116.667267    33.612675   146     0
 -116.666580    33.613365   147     0
 -116.665886    33.614052   148     0
 -116.665192    33.614742   149     0
 -116.664505    33.615433   150     0
 -116.663811    33.616119   151     0
 -116.663116    33.616810   152     0
 -116.662430    33.617500   153     0
 -116.661728    33.618187   154     0
 -116.661041    33.618877   155     0
 -116.660355    33.619568   156     0
 -116.659653    33.620255   157     0
 -116.658966    33.620945   158     0
 -116.658272    33.621632   159     0
 -116.657578    33.622322   160     0
 -116.656891    33.623013   161     0
 -116.656197    33.623699   162     0
 -116.655502    33.624390   163     0
 -116.654816    33.625080   164     0
 -116.654121    33.625767   165     0
 -116.653427    33.626457   166     0
 -116.652740    33.627144   167     0
 -116.652039    33.627834   168     0
 -116.651352    33.628525   169     0
 -116.650658    33.629211   170     0
 -116.649963    33.629902   171     0
 -116.649277    33.630589   172     0
 -116.648582    33.631279   173     0
 -116.647888    33.631969   174     0
 -116.647202    33.632656   175     0
 -116.646500    33.633347   176     0
 -116.645813    33.634037   177     0
 -116.645119    33.634724   178     0
 -116.644424    33.635414   179     0
 -116.643738    33.636101   180     0
 -116.643044    33.636791   181     0
 -116.642349    33.637482   182     0
 -116.641663    33.638168   183     0
 -116.640961    33.638859   184     0
 -116.640274    33.639545   185     0
 -116.639580    33.640236   186     0
 -116.638885    33.640926   187     0
 -116.638199    33.641613   188     0
 -116.637505    33.642303   189     0
 -116.636810    33.642990   190     0
 -116.636124    33.643681   191     0
 -116.635422    33.644367   192     0
 -116.634735    33.645058   193     0
 -116.634041    33.645748   194     0
 -116.633347    33.646435   195     0
 -116.632660    33.647125   196     0
 -116.631958    33.647812   197     0
 -116.631271    33.648502   198     0
 -116.630577    33.649193   199     0
 -116.629883    33.649879   200     0
 -116.629196    33.650570   201     0
 -116.628494    33.651257   202     0
 -116.627808    33.651947   203     0
 -116.627113    33.652634   204     0
 -116.626419    33.653324   205     0
 -116.625732    33.654015   206     0
 -116.625038    33.654701   207     0
 -116.624344    33.655392   208     0
 -116.623650    33.656078   209     0
 -116.622955    33.656769   210     0
 -116.622269    33.657459   211     0
 -116.621574    33.658146   212     0
 -116.620880    33.658836   213     0
 -116.620186    33.659523   214     0
 -116.619492    33.660213   215     0
 -116.618805    33.660900   216     0
 -116.618111    33.661591   217     0
 -116.617416    33.662277   218     0
 -116.616722    33.662968   219     0
 -116.616028    33.663658   220     0
 -116.615341    33.664345   221     0
 -116.614639    33.665035   222     0
 -116.613953    33.665722   223     0
 -116.613258    33.666412   224     0
 -116.612564    33.667099   225     0
 -116.611877    33.667789   226     0
 -116.611176    33.668480   227     0
 -116.610489    33.669167   228     0
 -116.609795    33.669857   229     0
 -116.609100    33.670544   230     0
 -116.608414    33.671234   231     0
 -116.607712    33.671921   232     0
 -116.607025    33.672611   233     0
 -116.606331    33.673298   234     0
 -116.605637    33.673988   235     0
 -116.604942    33.674675   236     0
 -116.604248    33.675365   237     0
 -116.603561    33.676056   238     0
 -116.602859    33.676743   239     0
 -116.602173    33.677433   240     0
 -116.601479    33.678120   241     0
 -116.600784    33.678810   242     0
 -116.600098    33.679497   243     0
 -116.599396    33.680187   244     0
 -116.598709    33.680874   245     0
 -116.598007    33.681564   246     0
 -116.597321    33.682251   247     0
 -116.596626    33.682941   248     0
 -116.595932    33.683632   249     0
 -116.595245    33.684319   250     0
 -116.594543    33.685009   251     0
 -116.593857    33.685696   252     0
 -116.593163    33.686386   253     0
 -116.592468    33.687073   254     0
 -116.591774    33.687763   255     0
 -116.591080    33.688450   256     0
 -116.590393    33.689140   257     0
 -116.589691    33.689827   258     0
 -116.589005    33.690517   259     0
 -116.588303    33.691204   260     0
 -116.587616    33.691895   261     0
 -116.586922    33.692581   262     0
 -116.586227    33.693272   263     0
 -116.585533    33.693958   264     0
 -116.584839    33.694649   265     0
 -116.584152    33.695335   266     0
 -116.583450    33.696026   267     0
 -116.582764    33.696712   268     0
 -116.582069    33.697403   269     0
 -116.581375    33.698090   270     0
 -116.580681    33.698780   271     0
 -116.579987    33.699471   272     0
 -116.579300    33.700157   273     0
 -116.578598    33.700848   274     0
 -116.577911    33.701534   275     0
 -116.577209    33.702225   276     0
 -116.576523    33.702911   277     0
 -116.575829    33.703602   278     0
 -116.575134    33.704288   279     0
 -116.574440    33.704979   280     0
 -116.573746    33.705666   281     0
 -116.573051    33.706356   282     0
 -116.572357    33.707043   283     0
 -116.571671    33.707733   284     0
 -116.570969    33.708420   285     0
 -116.570282    33.709110   286     0
 -116.569580    33.709797   287     0
 -116.568893    33.710487   288     0
 -116.568199    33.711174   289     0
 -116.567505    33.711864   290     0
 -116.566811    33.712551   291     0
 -116.566116    33.713238   292     0
 -116.565422    33.713928   293     0
 -116.564728    33.714615   294     0
 -116.564041    33.715305   295     0
 -116.563339    33.715992   296     0
 -116.562653    33.716682   297     0
 -116.561951    33.717369   298     0
 -116.561264    33.718060   299     0
 -116.767365    33.511456     0     1
 -116.560432    33.717484   299     1
 -116.766533    33.510880     0     2
 -116.559601    33.716904   299     2
 -116.765701    33.510303     0     3
 -116.558777    33.716328   299     3
 -116.764877    33.509727     0     4
 -116.557953    33.715752   299     4
 -116.764053    33.509151     0     5
 -116.557121    33.715176   299     5
 -116.763229    33.508575     0     6
 -116.556290    33.714596   299     6
 -116.762398    33.507999     0     7
 -116.555466    33.714020   299     7
 -116.761566    33.507423     0     8
 -116.554642    33.713444   299     8
 -116.760742    33.506847     0     9
 -116.553818    33.712864   299     9
 -116.759918    33.506271     0    10
 -116.552986    33.712288   299    10
 -116.759094    33.505695     0    11
 -116.552155    33.711712   299    11
 -116.758263    33.505119     0    12
 -116.551331    33.711136   299    12
 -116.757431    33.504547     0    13
 -116.550507    33.710556   299    13
 -116.756607    33.503971     0    14
 -116.549675    33.709980   299    14
 -116.755783    33.503395     0    15
 -116.548843    33.709404   299    15
 -116.754959    33.502819     0    16
 -116.548019    33.708828   299    16
 -116.754128    33.502243     0    17
 -116.547195    33.708248   299    17
 -116.753296    33.501667     0    18
 -116.546364    33.707672   299    18
 -116.752472    33.501091     0    19
 -116.545532    33.707096   299    19
 -116.751648    33.500515     0    20
 -116.544708    33.706516   299    20
 -116.750824    33.499939     0    21
 -116.543884    33.705940   299    21
 -116.749992    33.499363     0    22
 -116.543053    33.705364   299    22
 -116.749161    33.498787     0    23
 -116.542221    33.704788   299    23
 -116.748337    33.498211     0    24
 -116.541397    33.704208   299    24
 -116.747513    33.497635     0    25
 -116.540573    33.703632   299    25
 -116.746689    33.497059     0    26
 -116.539749    33.703056   299    26
 -116.745857    33.496487     0    27
 -116.538918    33.702477   299    27
 -116.745033    33.495911     0    28
 -116.538086    33.701900   299    28
 -116.744202    33.495335     0    29
 -116.537262    33.701324   299    29
 -116.743378    33.494759     0    30
 -116.536438    33.700745   299    30
 -116.742554    33.494183     0    31
 -116.535606    33.700169   299    31
 -116.741730    33.493607     0    32
 -116.534775    33.699593   299    32
 -116.740898    33.493031     0    33
 -116.533951    33.699017   299    33
 -116.740067    33.492455     0    34
 -116.533127    33.698437   299    34
 -116.739243    33.491879     0    35
 -116.532303    33.697861   299    35
 -116.738419    33.491302     0    36
 -116.531471    33.697285   299    36
 -116.737595    33.490726     0    37
 -116.530640    33.696705   299    37
 -116.736763    33.490150     0    38
 -116.529816    33.696129   299    38
 -116.735939    33.489574     0    39
 -116.528992    33.695553   299    39
 -116.735107    33.488998     0    40
 -116.528160    33.694973   299    40
 -116.734283    33.488422     0    41
 -116.527328    33.694397   299    41
 -116.733459    33.487846     0    42
 -116.526505    33.693821   299    42
 -116.732635    33.487270     0    43
 -116.525681    33.693241   299    43
 -116.731804    33.486694     0    44
 -116.524857    33.692665   299    44
 -116.730972    33.486118     0    45
 -116.524025    33.692089   299    45
 -116.730148    33.485542     0    46
 -116.523193    33.691509   299    46
 -116.729324    33.484966     0    47
 -116.522369    33.690933   299    47
 -116.728500    33.484390     0    48
 -116.521545    33.690357   299    48
 -116.727676    33.483814     0    49
 -116.520721    33.689777   299    49
 -116.726845    33.483242     0    50
 -116.519890    33.689201   299    50
 -116.726013    33.482666     0    51
 -116.519058    33.688625   299    51
 -116.725189    33.482090     0    52
 -116.518234    33.688046   299    52
 -116.724365    33.481514     0    53
 -116.517410    33.687469   299    53
 -116.723541    33.480938     0    54
 -116.516579    33.686893   299    54
 -116.722710    33.480362     0    55
 -116.515755    33.686314   299    55
 -116.721886    33.479786     0    56
 -116.514923    33.685738   299    56
 -116.721054    33.479210     0    57
 -116.514099    33.685162   299    57
 -116.720230    33.478634     0    58
 -116.513275    33.684582   299    58
 -116.719406    33.478058     0    59
 -116.512444    33.684006   299    59
 -116.718582    33.477482     0    60
 -116.511612    33.683430   299    60
 -116.717758    33.476906     0    61
 -116.510788    33.682850   299    61
 -116.716927    33.476330     0    62
 -116.509964    33.682274   299    62
 -116.716095    33.475754     0    63
 -116.509140    33.681698   299    63
 -116.715271    33.475178     0    64
 -116.508308    33.681118   299    64
 -116.714447    33.474602     0    65
 -116.507477    33.680542   299    65
 -116.713623    33.474026     0    66
 -116.506653    33.679966   299    66
 -116.712799    33.473450     0    67
 -116.505829    33.679386   299    67
 -116.711967    33.472874     0    68
 -116.505005    33.678810   299    68
 -116.711136    33.472298     0    69
 -116.504173    33.678230   299    69
 -116.710312    33.471722     0    70
 -116.503349    33.677654   299    70
 -116.709488    33.471146     0    71
 -116.502518    33.677078   299    71
 -116.708664    33.470570     0    72
 -116.501694    33.676498   299    72
 -116.707840    33.469994     0    73
 -116.500870    33.675922   299    73
 -116.707008    33.469418     0    74
 -116.500038    33.675346   299    74
 -116.706184    33.468842     0    75
 -116.499214    33.674767   299    75
 -116.705353    33.468266     0    76
 -116.498383    33.674191   299    76
 -116.704529    33.467690     0    77
 -116.497559    33.673615   299    77
 -116.703705    33.467113     0    78
 -116.496735    33.673035   299    78
 -116.702881    33.466537     0    79
 -116.495911    33.672459   299    79
 -116.702057    33.465961     0    80
 -116.495079    33.671879   299    80
 -116.701225    33.465385     0    81
 -116.494247    33.671303   299    81
 -116.700394    33.464809     0    82
 -116.493423    33.670727   299    82
 -116.699570    33.464233     0    83
 -116.492599    33.670147   299    83
 -116.698746    33.463657     0    84
 -116.491776    33.669571   299    84
 -116.697922    33.463081     0    85
 -116.490944    33.668995   299    85
 -116.697098    33.462505     0    86
 -116.490112    33.668415   299    86
 -116.696274    33.461926     0    87
 -116.489288    33.667839   299    87
 -116.695442    33.461349     0    88
 -116.488464    33.667259   299    88
 -116.694611    33.460773     0    89
 -116.487640    33.666683   299    89
 -116.693787    33.460197     0    90
 -116.486809    33.666107   299    90
 -116.692963    33.459621     0    91
 -116.485985    33.665527   299    91
 -116.692139    33.459045     0    92
 -116.485153    33.664951   299    92
 -116.691315    33.458469     0    93
 -116.484329    33.664371   299    93
 -116.690491    33.457893     0    94
 -116.483505    33.663795   299    94
 -116.689659    33.457317     0    95
 -116.482681    33.663219   299    95
 -116.688828    33.456741     0    96
 -116.481850    33.662640   299    96
 -116.688004    33.456165     0    97
 -116.481018    33.662064   299    97
 -116.687180    33.455589     0    98
 -116.480194    33.661484   299    98
 -116.686356    33.455013     0    99
 -116.479370    33.660908   299    99
 -116.685532    33.454437     0   100
 -116.478546    33.660332   299   100
 -116.684708    33.453861     0   101
 -116.477722    33.659752   299   101
 -116.683876    33.453285     0   102
 -116.476891    33.659176   299   102
 -116.683052    33.452709     0   103
 -116.476059    33.658596   299   103
 -116.682220    33.452133     0   104
 -116.475235    33.658020   299   104
 -116.681396    33.451557     0   105
 -116.474411    33.657444   299   105
 -116.680573    33.450981     0   106
 -116.473587    33.656864   299   106
 -116.679749    33.450405     0   107
 -116.472763    33.656288   299   107
 -116.678925    33.449829     0   108
 -116.471931    33.655708   299   108
 -116.678101    33.449253     0   109
 -116.471100    33.655132   299   109
 -116.677269    33.448673     0   110
 -116.470276    33.654552   299   110
 -116.676445    33.448097     0   111
 -116.469452    33.653976   299   111
 -116.675613    33.447521     0   112
 -116.468628    33.653400   299   112
 -116.674789    33.446945     0   113
 -116.467804    33.652821   299   113
 -116.673965    33.446369     0   114
 -116.466972    33.652245   299   114
 -116.673141    33.445793     0   115
 -116.466141    33.651665   299   115
 -116.672318    33.445217     0   116
 -116.465317    33.651089   299   116
 -116.671494    33.444641     0   117
 -116.464493    33.650509   299   117
 -116.670662    33.444065     0   118
 -116.463669    33.649933   299   118
 -116.669838    33.443489     0   119
 -116.462845    33.649357   299   119
 -116.669006    33.442913     0   120
 -116.462013    33.648777   299   120
 -116.668182    33.442337     0   121
 -116.461182    33.648201   299   121
 -116.667358    33.441761     0   122
 -116.460358    33.647621   299   122
 -116.666534    33.441185     0   123
 -116.459534    33.647045   299   123
 -116.665710    33.440605     0   124
 -116.458710    33.646465   299   124
 -116.664886    33.440029     0   125
 -116.457886    33.645889   299   125
 -116.664055    33.439453     0   126
 -116.457054    33.645313   299   126
 -116.663231    33.438877     0   127
 -116.456230    33.644733   299   127
 -116.662399    33.438301     0   128
 -116.455399    33.644157   299   128
 -116.661575    33.437725     0   129
 -116.454575    33.643578   299   129
 -116.660751    33.437149     0   130
 -116.453751    33.643002   299   130
 -116.659927    33.436573     0   131
 -116.452927    33.642422   299   131
 -116.659103    33.435997     0   132
 -116.452103    33.641846   299   132
 -116.658279    33.435421     0   133
 -116.451271    33.641266   299   133
 -116.657455    33.434845     0   134
 -116.450439    33.640690   299   134
 -116.656624    33.434269     0   135
 -116.449615    33.640114   299   135
 -116.655800    33.433689     0   136
 -116.448792    33.639534   299   136
 -116.654968    33.433113     0   137
 -116.447968    33.638958   299   137
 -116.654144    33.432537     0   138
 -116.447144    33.638378   299   138
 -116.653320    33.431961     0   139
 -116.446320    33.637802   299   139
 -116.652496    33.431385     0   140
 -116.445488    33.637222   299   140
 -116.651672    33.430809     0   141
 -116.444656    33.636646   299   141
 -116.650848    33.430233     0   142
 -116.443832    33.636066   299   142
 -116.650024    33.429657     0   143
 -116.443008    33.635490   299   143
 -116.649193    33.429081     0   144
 -116.442184    33.634911   299   144
 -116.648369    33.428501     0   145
 -116.441360    33.634335   299   145
 -116.647545    33.427925     0   146
 -116.440536    33.633755   299   146
 -116.646713    33.427349     0   147
 -116.439705    33.633179   299   147
 -116.645889    33.426773     0   148
 -116.438873    33.632599   299   148
 -116.645065    33.426197     0   149
 -116.438049    33.632023   299   149
 -116.644241    33.425621     0   150
 -116.437225    33.631447   299   150
 -116.643417    33.425045     0   151
 -116.436401    33.630867   299   151
 -116.642593    33.424469     0   152
 -116.435577    33.630291   299   152
 -116.641769    33.423893     0   153
 -116.434753    33.629711   299   153
 -116.640938    33.423313     0   154
 -116.433922    33.629135   299   154
 -116.640114    33.422737     0   155
 -116.433098    33.628555   299   155
 -116.639290    33.422161     0   156
 -116.432266    33.627979   299   156
 -116.638458    33.421585     0   157
 -116.431442    33.627399   299   157
 -116.637634    33.421009     0   158
 -116.430618    33.626823   299   158
 -116.636810    33.420433     0   159
 -116.429794    33.626244   299   159
 -116.635986    33.419857     0   160
 -116.428970    33.625668   299   160
 -116.635162    33.419281     0   161
 -116.428139    33.625088   299   161
 -116.634338    33.418701     0   162
 -116.427315    33.624512   299   162
 -116.633514    33.418125     0   163
 -116.426483    33.623932   299   163
 -116.632690    33.417549     0   164
 -116.425659    33.623356   299   164
 -116.631859    33.416973     0   165
 -116.424835    33.622776   299   165
 -116.631035    33.416397     0   166
 -116.424011    33.622200   299   166
 -116.630211    33.415821     0   167
 -116.423187    33.621620   299   167
 -116.629379    33.415245     0   168
 -116.422363    33.621044   299   168
 -116.628555    33.414665     0   169
 -116.421532    33.620464   299   169
 -116.627731    33.414089     0   170
 -116.420708    33.619888   299   170
 -116.626907    33.413513     0   171
 -116.419876    33.619308   299   171
 -116.626083    33.412937     0   172
 -116.419052    33.618732   299   172
 -116.625259    33.412361     0   173
 -116.418228    33.618153   299   173
 -116.624435    33.411785     0   174
 -116.417404    33.617577   299   174
 -116.623611    33.411209     0   175
 -116.416580    33.616997   299   175
 -116.622787    33.410629     0   176
 -116.415756    33.616421   299   176
 -116.621956    33.410053     0   177
 -116.414932    33.615841   299   177
 -116.621132    33.409477     0   178
 -116.414101    33.615265   299   178
 -116.620308    33.408901     0   179
 -116.413277    33.614685   299   179
 -116.619476    33.408325     0   180
 -116.412445    33.614109   299   180
 -116.618652    33.407749     0   181
 -116.411621    33.613529   299   181
 -116.617828    33.407169     0   182
 -116.410797    33.612953   299   182
 -116.617004    33.406593     0   183
 -116.409973    33.612373   299   183
 -116.616180    33.406017     0   184
 -116.409149    33.611794   299   184
 -116.615356    33.405441     0   185
 -116.408325    33.611217   299   185
 -116.614532    33.404865     0   186
 -116.407494    33.610638   299   186
 -116.613708    33.404289     0   187
 -116.406670    33.610062   299   187
 -116.612885    33.403709     0   188
 -116.405846    33.609482   299   188
 -116.612061    33.403133     0   189
 -116.405014    33.608906   299   189
 -116.611229    33.402557     0   190
 -116.404190    33.608326   299   190
 -116.610405    33.401981     0   191
 -116.403366    33.607750   299   191
 -116.609581    33.401405     0   192
 -116.402542    33.607170   299   192
 -116.608757    33.400829     0   193
 -116.401718    33.606594   299   193
 -116.607925    33.400249     0   194
 -116.400894    33.606014   299   194
 -116.607101    33.399673     0   195
 -116.400070    33.605438   299   195
 -116.606277    33.399097     0   196
 -116.399239    33.604858   299   196
 -116.605453    33.398521     0   197
 -116.398415    33.604279   299   197
 -116.604630    33.397945     0   198
 -116.397583    33.603703   299   198
 -116.603806    33.397366     0   199
 -116.396759    33.603123   299   199
 -116.602982    33.396790     0   200
 -116.395935    33.602547   299   200
 -116.602158    33.396214     0   201
 -116.395111    33.601967   299   201
 -116.601334    33.395638     0   202
 -116.394287    33.601391   299   202
 -116.600510    33.395061     0   203
 -116.393463    33.600811   299   203
 -116.599686    33.394482     0   204
 -116.392639    33.600235   299   204
 -116.598862    33.393906     0   205
 -116.391815    33.599655   299   205
 -116.598030    33.393330     0   206
 -116.390984    33.599079   299   206
 -116.597206    33.392754     0   207
 -116.390160    33.598499   299   207
 -116.596382    33.392178     0   208
 -116.389328    33.597919   299   208
 -116.595558    33.391598     0   209
 -116.388504    33.597343   299   209
 -116.594727    33.391022     0   210
 -116.387680    33.596764   299   210
 -116.593903    33.390446     0   211
 -116.386856    33.596188   299   211
 -116.593079    33.389870     0   212
 -116.386032    33.595608   299   212
 -116.592255    33.389294     0   213
 -116.385208    33.595032   299   213
 -116.591431    33.388714     0   214
 -116.384384    33.594452   299   214
 -116.590607    33.388138     0   215
 -116.383560    33.593872   299   215
 -116.589783    33.387562     0   216
 -116.382729    33.593296   299   216
 -116.588959    33.386986     0   217
 -116.381905    33.592716   299   217
 -116.588135    33.386410     0   218
 -116.381081    33.592140   299   218
 -116.587311    33.385830     0   219
 -116.380249    33.591560   299   219
 -116.586487    33.385254     0   220
 -116.379425    33.590984   299   220
 -116.585663    33.384678     0   221
 -116.378601    33.590405   299   221
 -116.584839    33.384102     0   222
 -116.377777    33.589825   299   222
 -116.584015    33.383522     0   223
 -116.376953    33.589249   299   223
 -116.583191    33.382946     0   224
 -116.376129    33.588669   299   224
 -116.582359    33.382370     0   225
 -116.375305    33.588093   299   225
 -116.581535    33.381794     0   226
 -116.374481    33.587513   299   226
 -116.580711    33.381218     0   227
 -116.373657    33.586933   299   227
 -116.579887    33.380638     0   228
 -116.372826    33.586357   299   228
 -116.579063    33.380062     0   229
 -116.372002    33.585777   299   229
 -116.578239    33.379486     0   230
 -116.371178    33.585201   299   230
 -116.577408    33.378910     0   231
 -116.370346    33.584621   299   231
 -116.576584    33.378330     0   232
 -116.369522    33.584045   299   232
 -116.575760    33.377754     0   233
 -116.368698    33.583466   299   233
 -116.574936    33.377178     0   234
 -116.367874    33.582886   299   234
 -116.574112    33.376602     0   235
 -116.367050    33.582310   299   235
 -116.573288    33.376022     0   236
 -116.366226    33.581730   299   236
 -116.572464    33.375446     0   237
 -116.365402    33.581154   299   237
 -116.571640    33.374870     0   238
 -116.364578    33.580574   299   238
 -116.570816    33.374294     0   239
 -116.363754    33.579994   299   239
 -116.569992    33.373714     0   240
 -116.362930    33.579418   299   240
 -116.569168    33.373138     0   241
 -116.362099    33.578838   299   241
 -116.568344    33.372562     0   242
 -116.361275    33.578262   299   242
 -116.567520    33.371986     0   243
 -116.360451    33.577682   299   243
 -116.566696    33.371407     0   244
 -116.359627    33.577103   299   244
 -116.565872    33.370831     0   245
 -116.358795    33.576527   299   245
 -116.565048    33.370255     0   246
 -116.357971    33.575947   299   246
 -116.564224    33.369678     0   247
 -116.357147    33.575367   299   247
 -116.563400    33.369099     0   248
 -116.356323    33.574791   299   248
 -116.562576    33.368523     0   249
 -116.355499    33.574211   299   249
 -116.561752    33.367947     0   250
 -116.354675    33.573635   299   250
 -116.560928    33.367371     0   251
 -116.353851    33.573055   299   251
 -116.560104    33.366791     0   252
 -116.353027    33.572475   299   252
 -116.559280    33.366215     0   253
 -116.352203    33.571899   299   253
 -116.558449    33.365639     0   254
 -116.351379    33.571320   299   254
 -116.557625    33.365063     0   255
 -116.350555    33.570740   299   255
 -116.556801    33.364483     0   256
 -116.349724    33.570164   299   256
 -116.555977    33.363907     0   257
 -116.348900    33.569584   299   257
 -116.555153    33.363331     0   258
 -116.348076    33.569008   299   258
 -116.554329    33.362755     0   259
 -116.347252    33.568428   299   259
 -116.553505    33.362175     0   260
 -116.346428    33.567848   299   260
 -116.552681    33.361599     0   261
 -116.345596    33.567272   299   261
 -116.551857    33.361023     0   262
 -116.344772    33.566692   299   262
 -116.551033    33.360443     0   263
 -116.343948    33.566113   299   263
 -116.550209    33.359867     0   264
 -116.343124    33.565536   299   264
 -116.549385    33.359291     0   265
 -116.342300    33.564957   299   265
 -116.548553    33.358715     0   266
 -116.341476    33.564377   299   266
 -116.547729    33.358135     0   267
 -116.340652    33.563801   299   267
 -116.546906    33.357559     0   268
 -116.339828    33.563221   299   268
 -116.546082    33.356983     0   269
 -116.339005    33.562645   299   269
 -116.545258    33.356403     0   270
 -116.338181    33.562065   299   270
 -116.544434    33.355827     0   271
 -116.337357    33.561485   299   271
 -116.543610    33.355251     0   272
 -116.336533    33.560909   299   272
 -116.542786    33.354675     0   273
 -116.335709    33.560329   299   273
 -116.541962    33.354095     0   274
 -116.334885    33.559750   299   274
 -116.541138    33.353519     0   275
 -116.334053    33.559174   299   275
 -116.540314    33.352943     0   276
 -116.333229    33.558594   299   276
 -116.539490    33.352364     0   277
 -116.332405    33.558014   299   277
 -116.538666    33.351788     0   278
 -116.331581    33.557438   299   278
 -116.537842    33.351212     0   279
 -116.330757    33.556858   299   279
 -116.537018    33.350632     0   280
 -116.329933    33.556278   299   280
 -116.536194    33.350056     0   281
 -116.329102    33.555702   299   281
 -116.535370    33.349480     0   282
 -116.328278    33.555122   299   282
 -116.534546    33.348904     0   283
 -116.327454    33.554543   299   283
 -116.533722    33.348324     0   284
 -116.326630    33.553967   299   284
 -116.532898    33.347748     0   285
 -116.325806    33.553387   299   285
 -116.532074    33.347172     0   286
 -116.324982    33.552807   299   286
 -116.531250    33.346592     0   287
 -116.324158    33.552231   299   287
 -116.530426    33.346016     0   288
 -116.323334    33.551651   299   288
 -116.529602    33.345440     0   289
 -116.322510    33.551071   299   289
 -116.528778    33.344860     0   290
 -116.321686    33.550495   299   290
 -116.527954    33.344284     0   291
 -116.320862    33.549915   299   291
 -116.527130    33.343708     0   292
 -116.320038    33.549335   299   292
 -116.526306    33.343128     0   293
 -116.319214    33.548759   299   293
 -116.525482    33.342552     0   294
 -116.318390    33.548180   299   294
 -116.524658    33.341976     0   295
 -116.317566    33.547600   299   295
 -116.523834    33.341396     0   296
 -116.316742    33.547024   299   296
 -116.523010    33.340820     0   297
 -116.315918    33.546444   299   297
 -116.522186    33.340244     0   298
 -116.315094    33.545864   299   298
 -116.521362    33.339664     0   299
 -116.314270    33.545284   299   299
 -116.520538    33.339088     0   300
 -116.313446    33.544708   299   300
 -116.519714    33.338512     0   301
 -116.312622    33.544128   299   301
 -116.518890    33.337933     0   302
 -116.311790    33.543549   299   302
 -116.518066    33.337357     0   303
 -116.310966    33.542973   299   303
 -116.517242    33.336781     0   304
 -116.310143    33.542393   299   304
 -116.516418    33.336201     0   305
 -116.309319    33.541813   299   305
 -116.515594    33.335625     0   306
 -116.308495    33.541237   299   306
 -116.514771    33.335049     0   307
 -116.307671    33.540657   299   307
 -116.513947    33.334469     0   308
 -116.306847    33.540077   299   308
 -116.513123    33.333893     0   309
 -116.306023    33.539497   299   309
 -116.512306    33.333317     0   310
 -116.305199    33.538921   299   310
 -116.511482    33.332737     0   311
 -116.304375    33.538342   299   311
 -116.510658    33.332161     0   312
 -116.303551    33.537762   299   312
 -116.509834    33.331585     0   313
 -116.302719    33.537186   299   313
 -116.509010    33.331005     0   314
 -116.301895    33.536606   299   314
 -116.508186    33.330429     0   315
 -116.301071    33.536026   299   315
 -116.507362    33.329853     0   316
 -116.300247    33.535446   299   316
 -116.506538    33.329273     0   317
 -116.299423    33.534870   299   317
 -116.505714    33.328697     0   318
 -116.298599    33.534290   299   318
 -116.504890    33.328121     0   319
 -116.297775    33.533710   299   319
 -116.504066    33.327541     0   320
 -116.296951    33.533134   299   320
 -116.503242    33.326965     0   321
 -116.296127    33.532555   299   321
 -116.502426    33.326385     0   322
 -116.295303    33.531975   299   322
 -116.501602    33.325809     0   323
 -116.294479    33.531395   299   323
 -116.500778    33.325233     0   324
 -116.293655    33.530819   299   324
 -116.499954    33.324654     0   325
 -116.292831    33.530239   299   325
 -116.499130    33.324078     0   326
 -116.292007    33.529659   299   326
 -116.498306    33.323502     0   327
 -116.291183    33.529083   299   327
 -116.497482    33.322922     0   328
 -116.290359    33.528503   299   328
 -116.496658    33.322346     0   329
 -116.289536    33.527924   299   329
 -116.495834    33.321770     0   330
 -116.288712    33.527344   299   330
 -116.495010    33.321190     0   331
 -116.287888    33.526768   299   331
 -116.494186    33.320614     0   332
 -116.287064    33.526188   299   332
 -116.493362    33.320034     0   333
 -116.286240    33.525608   299   333
 -116.492538    33.319458     0   334
 -116.285416    33.525028   299   334
 -116.491714    33.318882     0   335
 -116.284592    33.524452   299   335
 -116.490891    33.318302     0   336
 -116.283768    33.523872   299   336
 -116.490067    33.317726     0   337
 -116.282944    33.523293   299   337
 -116.489243    33.317146     0   338
 -116.282120    33.522713   299   338
 -116.488419    33.316570     0   339
 -116.281296    33.522137   299   339
 -116.487595    33.315994     0   340
 -116.280472    33.521557   299   340
 -116.486771    33.315414     0   341
 -116.279648    33.520977   299   341
 -116.485947    33.314838     0   342
 -116.278824    33.520397   299   342
 -116.485123    33.314262     0   343
 -116.278000    33.519821   299   343
 -116.484299    33.313683     0   344
 -116.277176    33.519241   299   344
 -116.483482    33.313107     0   345
 -116.276352    33.518661   299   345
 -116.482658    33.312527     0   346
 -116.275528    33.518082   299   346
 -116.481834    33.311951     0   347
 -116.274704    33.517506   299   347
 -116.481010    33.311375     0   348
 -116.273880    33.516926   299   348
 -116.480186    33.310795     0   349
 -116.273056    33.516346   299   349
 -116.479362    33.310219     0   350
 -116.272232    33.515766   299   350
 -116.478546    33.309639     0   351
 -116.271408    33.515190   299   351
 -116.477722    33.309063     0   352
 -116.270584    33.514610   299   352
 -116.476898    33.308487     0   353
 -116.269760    33.514030   299   353
 -116.476074    33.307907     0   354
 -116.268936    33.513451   299   354
 -116.475250    33.307331     0   355
 -116.268112    33.512871   299   355
 -116.474426    33.306751     0   356
 -116.267288    33.512295   299   356
 -116.473602    33.306175     0   357
 -116.266464    33.511715   299   357
 -116.472778    33.305595     0   358
 -116.265640    33.511135   299   358
 -116.471954    33.305019     0   359
 -116.264816    33.510555   299   359
 -116.471130    33.304443     0   360
 -116.263992    33.509979   299   360
 -116.470306    33.303864     0   361
 -116.263168    33.509399   299   361
 -116.469482    33.303288     0   362
 -116.262344    33.508820   299   362
 -116.468658    33.302708     0   363
 -116.261520    33.508240   299   363
 -116.467834    33.302132     0   364
 -116.260696    33.507660   299   364
 -116.467010    33.301556     0   365
 -116.259872    33.507084   299   365
 -116.466194    33.300976     0   366
 -116.259048    33.506504   299   366
 -116.465370    33.300400     0   367
 -116.258232    33.505924   299   367
 -116.464546    33.299820     0   368
 -116.257408    33.505344   299   368
 -116.463722    33.299244     0   369
 -116.256584    33.504768   299   369
 -116.462906    33.298664     0   370
 -116.255760    33.504189   299   370
 -116.462082    33.298088     0   371
 -116.254936    33.503609   299   371
 -116.461258    33.297512     0   372
 -116.254112    33.503029   299   372
 -116.460434    33.296932     0   373
 -116.253288    33.502449   299   373
 -116.459610    33.296356     0   374
 -116.252464    33.501873   299   374
 -116.458786    33.295776     0   375
 -116.251640    33.501293   299   375
 -116.457962    33.295200     0   376
 -116.250816    33.500713   299   376
 -116.457138    33.294621     0   377
 -116.250000    33.500134   299   377
 -116.456314    33.294044     0   378
 -116.249176    33.499554   299   378
 -116.455490    33.293465     0   379
 -116.248352    33.498978   299   379
 -116.454666    33.292889     0   380
 -116.247528    33.498398   299   380
 -116.453842    33.292313     0   381
 -116.246704    33.497818   299   381
 -116.453026    33.291733     0   382
 -116.245880    33.497238   299   382
 -116.452202    33.291157     0   383
 -116.245056    33.496658   299   383
 -116.451378    33.290577     0   384
 -116.244232    33.496082   299   384
 -116.450554    33.290001     0   385
 -116.243408    33.495502   299   385
 -116.449738    33.289421     0   386
 -116.242584    33.494923   299   386
 -116.448914    33.288845     0   387
 -116.241760    33.494343   299   387
 -116.448090    33.288265     0   388
 -116.240936    33.493763   299   388
 -116.447266    33.287689     0   389
 -116.240112    33.493183   299   389
 -116.446442    33.287109     0   390
 -116.239288    33.492607   299   390
 -116.445618    33.286533     0   391
 -116.238464    33.492027   299   391
 -116.444794    33.285957     0   392
 -116.237640    33.491447   299   392
 -116.443970    33.285378     0   393
 -116.236816    33.490868   299   393
 -116.443146    33.284801     0   394
 -116.235992    33.490288   299   394
 -116.442322    33.284222     0   395
 -116.235168    33.489708   299   395
 -116.441505    33.283646     0   396
 -116.234344    33.489132   299   396
 -116.440681    33.283066     0   397
 -116.233521    33.488552   299   397
 -116.439857    33.282490     0   398
 -116.232697    33.487972   299   398
 -116.439041    33.281910     0   399
 -116.438339    33.282600     1   399
 -116.437653    33.283287     2   399
 -116.436966    33.283974     3   399
 -116.436272    33.284660     4   399
 -116.435577    33.285351     5   399
 -116.434891    33.286037     6   399
 -116.434196    33.286724     7   399
 -116.433502    33.287415     8   399
 -116.432816    33.288101     9   399
 -116.432121    33.288788    10   399
 -116.431427    33.289478    11   399
 -116.430740    33.290165    12   399
 -116.430054    33.290852    13   399
 -116.429359    33.291538    14   399
 -116.428665    33.292229    15   399
 -116.427979    33.292915    16   399
 -116.427284    33.293602    17   399
 -116.426590    33.294292    18   399
 -116.425903    33.294979    19   399
 -116.425209    33.295666    20   399
 -116.424515    33.296352    21   399
 -116.423828    33.297043    22   399
 -116.423134    33.297729    23   399
 -116.422440    33.298416    24   399
 -116.421753    33.299107    25   399
 -116.421066    33.299793    26   399
 -116.420364    33.300480    27   399
 -116.419678    33.301167    28   399
 -116.418991    33.301857    29   399
 -116.418289    33.302544    30   399
 -116.417603    33.303230    31   399
 -116.416916    33.303917    32   399
 -116.416222    33.304607    33   399
 -116.415527    33.305294    34   399
 -116.414841    33.305981    35   399
 -116.414146    33.306671    36   399
 -116.413452    33.307358    37   399
 -116.412766    33.308044    38   399
 -116.412071    33.308731    39   399
 -116.411377    33.309422    40   399
 -116.410690    33.310108    41   399
 -116.409996    33.310795    42   399
 -116.409302    33.311481    43   399
 -116.408615    33.312172    44   399
 -116.407921    33.312859    45   399
 -116.407227    33.313545    46   399
 -116.406540    33.314232    47   399
 -116.405846    33.314922    48   399
 -116.405151    33.315609    49   399
 -116.404465    33.316296    50   399
 -116.403770    33.316982    51   399
 -116.403076    33.317673    52   399
 -116.402390    33.318359    53   399
 -116.401695    33.319046    54   399
 -116.401001    33.319733    55   399
 -116.400314    33.320423    56   399
 -116.399620    33.321110    57   399
 -116.398926    33.321796    58   399
 -116.398239    33.322483    59   399
 -116.397545    33.323174    60   399
 -116.396851    33.323860    61   399
 -116.396164    33.324547    62   399
 -116.395470    33.325233    63   399
 -116.394775    33.325924    64   399
 -116.394089    33.326611    65   399
 -116.393394    33.327297    66   399
 -116.392700    33.327984    67   399
 -116.392014    33.328674    68   399
 -116.391312    33.329361    69   399
 -116.390625    33.330048    70   399
 -116.389938    33.330734    71   399
 -116.389236    33.331425    72   399
 -116.388550    33.332111    73   399
 -116.387856    33.332798    74   399
 -116.387161    33.333485    75   399
 -116.386475    33.334171    76   399
 -116.385780    33.334862    77   399
 -116.385086    33.335548    78   399
 -116.384399    33.336235    79   399
 -116.383705    33.336922    80   399
 -116.383011    33.337612    81   399
 -116.382324    33.338299    82   399
 -116.381630    33.338985    83   399
 -116.380936    33.339672    84   399
 -116.380249    33.340359    85   399
 -116.379547    33.341049    86   399
 -116.378860    33.341736    87   399
 -116.378166    33.342422    88   399
 -116.377472    33.343109    89   399
 -116.376785    33.343800    90   399
 -116.376091    33.344486    91   399
 -116.375397    33.345173    92   399
 -116.374710    33.345860    93   399
 -116.374016    33.346546    94   399
 -116.373322    33.347237    95   399
 -116.372635    33.347923    96   399
 -116.371933    33.348610    97   399
 -116.371246    33.349297    98   399
 -116.370552    33.349983    99   399
 -116.369858    33.350674   100   399
 -116.369171    33.351360   101   399
 -116.368477    33.352047   102   399
 -116.367783    33.352734   103   399
 -116.367096    33.353420   104   399
 -116.366394    33.354111   105   399
 -116.365707    33.354797   106   399
 -116.365013    33.355484   107   399
 -116.364319    33.356171   108   399
 -116.363632    33.356857   109   399
 -116.362938    33.357548   110   399
 -116.362244    33.358234   111   399
 -116.361557    33.358921   112   399
 -116.360855    33.359608   113   399
 -116.360168    33.360294   114   399
 -116.359474    33.360985   115   399
 -116.358780    33.361671   116   399
 -116.358093    33.362358   117   399
 -116.357399    33.363045   118   399
 -116.356705    33.363731   119   399
 -116.356018    33.364418   120   399
 -116.355316    33.365108   121   399
 -116.354630    33.365795   122   399
 -116.353935    33.366482   123   399
 -116.353241    33.367168   124   399
 -116.352554    33.367855   125   399
 -116.351852    33.368546   126   399
 -116.351166    33.369232   127   399
 -116.350471    33.369919   128   399
 -116.349777    33.370605   129   399
 -116.349091    33.371292   130   399
 -116.348396    33.371979   131   399
 -116.347702    33.372669   132   399
 -116.347015    33.373356   133   399
 -116.346313    33.374043   134   399
 -116.345627    33.374729   135   399
 -116.344933    33.375416   136   399
 -116.344238    33.376102   137   399
 -116.343552    33.376793   138   399
 -116.342850    33.377480   139   399
 -116.342163    33.378166   140   399
 -116.341469    33.378853   141   399
 -116.340775    33.379539   142   399
 -116.340088    33.380226   143   399
 -116.339386    33.380917   144   399
 -116.338699    33.381603   145   399
 -116.338005    33.382290   146   399
 -116.337311    33.382977   147   399
 -116.336624    33.383663   148   399
 -116.335922    33.384350   149   399
 -116.335236    33.385040   150   399
 -116.334541    33.385727   151   399
 -116.333847    33.386414   152   399
 -116.333153    33.387100   153   399
 -116.332458    33.387787   154   399
 -116.331772    33.388474   155   399
 -116.331078    33.389160   156   399
 -116.330383    33.389851   157   399
 -116.329689    33.390537   158   399
 -116.328995    33.391224   159   399
 -116.328308    33.391911   160   399
 -116.327606    33.392597   161   399
 -116.326920    33.393284   162   399
 -116.326225    33.393970   163   399
 -116.325531    33.394661   164   399
 -116.324844    33.395348   165   399
 -116.324142    33.396034   166   399
 -116.323456    33.396721   167   399
 -116.322762    33.397408   168   399
 -116.322067    33.398094   169   399
 -116.321373    33.398781   170   399
 -116.320679    33.399471   171   399
 -116.319992    33.400158   172   399
 -116.319290    33.400845   173   399
 -116.318604    33.401531   174   399
 -116.317909    33.402218   175   399
 -116.317215    33.402905   176   399
 -116.316521    33.403591   177   399
 -116.315826    33.404278   178   399
 -116.315140    33.404968   179   399
 -116.314438    33.405655   180   399
 -116.313751    33.406342   181   399
 -116.313057    33.407028   182   399
 -116.312363    33.407715   183   399
 -116.311676    33.408401   184   399
 -116.310974    33.409088   185   399
 -116.310287    33.409775   186   399
 -116.309586    33.410465   187   399
 -116.308899    33.411152   188   399
 -116.308205    33.411839   189   399
 -116.307510    33.412525   190   399
 -116.306816    33.413212   191   399
 -116.306122    33.413898   192   399
 -116.305435    33.414585   193   399
 -116.304733    33.415272   194   399
 -116.304047    33.415958   195   399
 -116.303352    33.416649   196   399
 -116.302658    33.417336   197   399
 -116.301964    33.418022   198   399
 -116.301270    33.418709   199   399
 -116.300583    33.419395   200   399
 -116.299881    33.420082   201   399
 -116.299194    33.420769   202   399
 -116.298492    33.421455   203   399
 -116.297806    33.422142   204   399
 -116.297112    33.422829   205   399
 -116.296417    33.423519   206   399
 -116.295723    33.424206   207   399
 -116.295029    33.424892   208   399
 -116.294342    33.425579   209   399
 -116.293640    33.426266   210   399
 -116.292953    33.426952   211   399
 -116.292252    33.427639   212   399
 -116.291565    33.428326   213   399
 -116.290871    33.429012   214   399
 -116.290176    33.429699   215   399
 -116.289482    33.430386   216   399
 -116.288788    33.431076   217   399
 -116.288094    33.431763   218   399
 -116.287399    33.432449   219   399
 -116.286713    33.433136   220   399
 -116.286011    33.433823   221   399
 -116.285324    33.434509   222   399
 -116.284622    33.435196   223   399
 -116.283936    33.435883   224   399
 -116.283241    33.436569   225   399
 -116.282547    33.437256   226   399
 -116.281853    33.437943   227   399
 -116.281158    33.438629   228   399
 -116.280464    33.439316   229   399
 -116.279770    33.440006   230   399
 -116.279076    33.440693   231   399
 -116.278381    33.441380   232   399
 -116.277695    33.442066   233   399
 -116.276993    33.442753   234   399
 -116.276306    33.443439   235   399
 -116.275604    33.444126   236   399
 -116.274918    33.444813   237   399
 -116.274216    33.445499   238   399
 -116.273529    33.446186   239   399
 -116.272835    33.446873   240   399
 -116.272141    33.447559   241   399
 -116.271446    33.448246   242   399
 -116.270752    33.448933   243   399
 -116.270058    33.449619   244   399
 -116.269363    33.450310   245   399
 -116.268669    33.450996   246   399
 -116.267975    33.451683   247   399
 -116.267288    33.452370   248   399
 -116.266586    33.453056   249   399
 -116.265900    33.453743   250   399
 -116.265198    33.454430   251   399
 -116.264511    33.455116   252   399
 -116.263809    33.455803   253   399
 -116.263123    33.456490   254   399
 -116.262421    33.457176   255   399
 -116.261734    33.457863   256   399
 -116.261032    33.458549   257   399
 -116.260345    33.459236   258   399
 -116.259644    33.459923   259   399
 -116.258957    33.460609   260   399
 -116.258255    33.461296   261   399
 -116.257568    33.461983   262   399
 -116.256874    33.462669   263   399
 -116.256180    33.463356   264   399
 -116.255486    33.464043   265   399
 -116.254791    33.464733   266   399
 -116.254097    33.465420   267   399
 -116.253403    33.466106   268   399
 -116.252708    33.466793   269   399
 -116.252014    33.467480   270   399
 -116.251320    33.468166   271   399
 -116.250626    33.468853   272   399
 -116.249931    33.469540   273   399
 -116.249237    33.470226   274   399
 -116.248543    33.470913   275   399
 -116.247849    33.471600   276   399
 -116.247154    33.472286   277   399
 -116.246460    33.472973   278   399
 -116.245766    33.473660   279   399
 -116.245071    33.474346   280   399
 -116.244377    33.475033   281   399
 -116.243683    33.475719   282   399
 -116.242989    33.476406   283   399
 -116.242294    33.477093   284   399
 -116.241600    33.477779   285   399
 -116.240906    33.478466   286   399
 -116.240211    33.479153   287   399
 -116.239517    33.479839   288   399
 -116.238823    33.480526   289   399
 -116.238129    33.481213   290   399
 -116.237434    33.481899   291   399
 -116.236740    33.482586   292   399
 -116.236046    33.483273   293   399
 -116.235352    33.483959   294   399
 -116.234657    33.484646   295   399
 -116.233963    33.485332   296   399
 -116.233269    33.486019   297   399
 -116.232574    33.486706   298   399
 -116.231880    33.487392   299   399
