  70
  43  32                 HALS           172.569500          -43.590900
  46  35                 GOVS           172.635700          -43.652400
  49  34                 DHSS           172.727200          -43.630300
  46  38                  MQZ           172.653800          -43.706100
  35  16                 CSTC           172.381300          -43.312300
  47  20                 KPOC           172.663800          -43.376500
  33  13                 SMHS           172.336300          -43.262200
  46  31                 HUNS           172.657200          -43.579400
  39  33                 LINC           172.468000          -43.623200
  49   7                 AMBC           172.730900          -43.154700
  49  27                 NBLC           172.731400          -43.506900
  18  29                 HORC           171.959900          -43.539600
  17  17                 SPRS           171.930100          -43.336800
  46  28                 REHS           172.635100          -43.521900
  14  17                 KOWC           171.854800          -43.321500
  14  24                 WCSS           171.863500          -43.457700
  21  20                 SHFC           172.025800          -43.391200
  30  44                 SBRC           172.252400          -43.808700
  59  44                 AKSS           172.963500          -43.810900
  24  49                 DORC           172.093800          -43.896800
  28  36                 DSLC           172.197900          -43.667500
  23  31                 GDLC           172.088800          -43.586200
   9  11                 CSHS           171.723600          -43.226500
  59  34                 MNZS           172.973800          -43.637400
  47  27                 DALS           172.673200          -43.512000
  12  39                 LRSC           171.793600          -43.729400
  44  26                 PPHS           172.606900          -43.492800
  46  32                 STKS           172.644900          -43.606500
  41  26                 CACS           172.530000          -43.483200
   4  45                 WSFC           171.611000          -43.837300
  46  29                 CCCC           172.647400          -43.538100
  21  40                 RKAC           172.023100          -43.751500
  35  32                 ROLC           172.381100          -43.592800
  21  17                  OXZ           172.038300          -43.325900
  49  32                 LPCC           172.724800          -43.607800
  44  30                 HHSS           172.592800          -43.557500
  47  23                 OHSS           172.660500          -43.444600
  45  28                 CBGS           172.619900          -43.529300
  47  30                 OPWS           172.664300          -43.556200
  40  19                 SWNC           172.495400          -43.369400
  49  30                 MENS           172.711500          -43.558500
  51  31                 GODS           172.769300          -43.578400
  39  29                 TPLC           172.472000          -43.550000
  43  28                 RHSC           172.564400          -43.536200
  47  28                 PRPC           172.682800          -43.525800
  50  30                 PARS           172.750700          -43.567900
  45  30                 CMHS           172.624200          -43.565600
   6  30                 MTHS           171.666400          -43.563200
  46  27                 STAS           172.641100          -43.513600
  45  27                 SACS           172.616200          -43.506700
  46  26                 MPSS           172.642300          -43.499400
  45  29                 MORS           172.621400          -43.539500
  49  31                 MTPS           172.725600          -43.584700
  49  26                 NNBS           172.718000          -43.495400
  49  33                 LCQC           172.729700          -43.608600
  51  44                 TOKS           172.780800          -43.822400
  45  25                 SMTC           172.613900          -43.467500
  44  14                 ASHS           172.595900          -43.274400
  24  26                 DFHS           172.102200          -43.489700
  10  49                 ADCS           171.747600          -43.902400
  33  36                 SLRC           172.317500          -43.675100
  48  27                 HPSC           172.702200          -43.501600
  47  25                 BWHS           172.682200          -43.480400
  42  27                 MRSS           172.559200          -43.511300
  45  34                 D14C           172.624700          -43.632500
  34  22                 EYRS           172.355400          -43.421400
  45  31                 CRLZ           172.623200          -43.574700
  24  32                 COLD           172.102600          -43.600500
  28  32                 TLED           172.201300          -43.595800
  31  31                 KVSD           172.277700          -43.585400
