DEF HST
  1.8000   0.5500   2.0500      55.00      27.50     0.05000
  1.9000   0.6500   2.1000      65.00      32.50     0.15000
  2.3000   0.9000   2.2000      90.00      45.00     0.25000
  2.9000   1.4000   2.3000     140.00      70.00     0.55000
  3.7000   1.9000   2.4500     190.00      95.00     1.05000
  4.5000   2.3000   2.5750     230.00     115.00     1.55000
  4.9000   2.8000   2.6000     280.00     140.00     1.95000
  5.3000   3.0000   2.6500     300.00     150.00     2.95000
  5.6000   3.2000   2.7000     320.00     160.00     3.95000
  5.8000   3.3000   2.7500     330.00     165.00     4.95000
  6.1000   3.5000   2.8000     350.00     175.00     5.95000
  6.3200   3.6500   2.8500     365.00     182.50    16.05000
  6.5500   3.7000   2.9000     370.00     185.00    21.05000
  6.8000   3.8000   2.9500     380.00     190.00    31.05000
  7.8000   4.5000   3.2000     450.00     225.00  1029.95000
