CACS       090 TITLE
2000  8.00000e-02 0 0  0.00000e+00  0.00000e+00  0.00000e+00  0.00000e+00
  3.93334e-05  4.43304e-05  4.94490e-05  5.46828e-05  6.00252e-05  6.54691e-05
  7.10069e-05  7.66306e-05  8.23316e-05  8.81012e-05  9.39300e-05  9.98084e-05
  1.05726e-04  1.11673e-04  1.17638e-04  1.23610e-04  1.29578e-04  1.35529e-04
  1.41453e-04  1.47335e-04  1.53164e-04  1.58928e-04  1.64613e-04  1.70205e-04
  1.75693e-04  1.81062e-04  1.86300e-04  1.91392e-04  1.96327e-04  2.01090e-04
  2.05668e-04  2.10050e-04  2.14221e-04  2.18171e-04  2.21886e-04  2.25355e-04
  2.28566e-04  2.31509e-04  2.34172e-04  2.36546e-04  2.38621e-04  2.40388e-04
  2.41839e-04  2.42966e-04  2.43762e-04  2.44221e-04  2.44337e-04  2.44107e-04
  2.43525e-04  2.42591e-04  2.41301e-04  2.39655e-04  2.37653e-04  2.35296e-04
  2.32586e-04  2.29528e-04  2.26124e-04  2.22381e-04  2.18304e-04  2.13903e-04
  2.09185e-04  2.04160e-04  1.98838e-04  1.93233e-04  1.87356e-04  1.81221e-04
  1.74844e-04  1.68238e-04  1.61421e-04  1.54411e-04  1.47223e-04  1.39878e-04
  1.32393e-04  1.24788e-04  1.17083e-04  1.09298e-04  1.01453e-04  9.35690e-05
  8.56660e-05  7.77647e-05  6.98855e-05  6.20486e-05  5.42740e-05  4.65814e-05
  3.89899e-05  3.15182e-05  2.41843e-05  1.70057e-05  9.99898e-06  3.17997e-06
 -3.43644e-06 -9.83629e-06 -1.60066e-05 -2.19355e-05 -2.76119e-05 -3.30260e-05
 -3.81691e-05 -4.30334e-05 -4.76123e-05 -5.19003e-05 -5.58928e-05 -5.95864e-05
 -6.29787e-05 -6.60683e-05 -6.88549e-05 -7.13390e-05 -7.35225e-05 -7.54078e-05
 -7.69987e-05 -7.82998e-05 -7.93166e-05 -8.00555e-05 -8.05241e-05 -8.07303e-05
 -8.06833e-05 -8.03930e-05 -7.98699e-05 -7.91251e-05 -7.81705e-05 -7.70186e-05
 -7.56820e-05 -7.41741e-05 -7.25086e-05 -7.06993e-05 -6.87602e-05 -6.67057e-05
 -6.45499e-05 -6.23071e-05 -5.99915e-05 -5.76171e-05 -5.51976e-05 -5.27465e-05
 -5.02770e-05 -4.78018e-05 -4.53332e-05 -4.28828e-05 -4.04618e-05 -3.80808e-05
 -3.57496e-05 -3.34774e-05 -3.12727e-05 -2.91433e-05 -2.70962e-05 -2.51378e-05
 -2.32737e-05 -2.15089e-05 -1.98475e-05 -1.82931e-05 -1.68487e-05 -1.55166e-05
 -1.42985e-05 -1.31958e-05 -1.22091e-05 -1.13385e-05 -1.05839e-05 -9.94441e-06
 -9.41892e-06 -9.00585e-06 -8.70325e-06 -8.50879e-06 -8.41980e-06 -8.43328e-06
 -8.54593e-06 -8.75419e-06 -9.05427e-06 -9.44218e-06 -9.91371e-06 -1.04645e-05
 -1.10899e-05 -1.17854e-05 -1.25460e-05 -1.33668e-05 -1.42429e-05 -1.51690e-05
 -1.61402e-05 -1.71511e-05 -1.81967e-05 -1.92717e-05 -2.03711e-05 -2.14898e-05
 -2.26230e-05 -2.37658e-05 -2.49136e-05 -2.60619e-05 -2.72063e-05 -2.83426e-05
 -2.94668e-05 -3.05752e-05 -3.16639e-05 -3.27296e-05 -3.37689e-05 -3.47786e-05
 -3.57558e-05 -3.66975e-05 -3.76009e-05 -3.84637e-05 -3.92833e-05 -4.00575e-05
 -4.07843e-05 -4.14617e-05 -4.20881e-05 -4.26619e-05 -4.31817e-05 -4.36462e-05
 -4.40546e-05 -4.44060e-05 -4.46998e-05 -4.49356e-05 -4.51131e-05 -4.52323e-05
 -4.52932e-05 -4.52961e-05 -4.52416e-05 -4.51301e-05 -4.49625e-05 -4.47397e-05
 -4.44625e-05 -4.41323e-05 -4.37503e-05 -4.33177e-05 -4.28361e-05 -4.23069e-05
 -4.17317e-05 -4.11121e-05 -4.04498e-05 -3.97465e-05 -3.90040e-05 -3.82242e-05
 -3.74088e-05 -3.65598e-05 -3.56790e-05 -3.47684e-05 -3.38301e-05 -3.28661e-05
 -3.18783e-05 -3.08690e-05 -2.98403e-05 -2.87943e-05 -2.77332e-05 -2.66593e-05
 -2.55747e-05 -2.44817e-05 -2.33825e-05 -2.22793e-05 -2.11741e-05 -2.00690e-05
 -1.89661e-05 -1.78673e-05 -1.67745e-05 -1.56894e-05 -1.46138e-05 -1.35493e-05
 -1.24973e-05 -1.14594e-05 -1.04369e-05 -9.43105e-06 -8.44314e-06 -7.47429e-06
 -6.52561e-06 -5.59813e-06 -4.69284e-06 -3.81065e-06 -2.95244e-06 -2.11900e-06
 -1.31105e-06 -5.29260e-07  2.25808e-07  9.53650e-07  1.65385e-06  2.32607e-06
  2.97008e-06  3.58573e-06  4.17297e-06  4.73186e-06  5.26253e-06  5.76521e-06
  6.24022e-06  6.68796e-06  7.10888e-06  7.50350e-06  7.87240e-06  8.21619e-06
  8.53552e-06  8.83107e-06  9.10354e-06  9.35362e-06  9.58200e-06  9.78935e-06
  9.97635e-06  1.01436e-05  1.02919e-05  1.04217e-05  1.05336e-05  1.06283e-05
  1.07062e-05  1.07680e-05  1.08141e-05  1.08450e-05  1.08612e-05  1.08633e-05
  1.08516e-05  1.08267e-05  1.07888e-05  1.07386e-05  1.06762e-05  1.06022e-05
  1.05169e-05  1.04204e-05  1.03132e-05  1.01954e-05  1.00672e-05  9.92863e-06
  9.77991e-06  9.62110e-06  9.45225e-06  9.27339e-06  9.08456e-06  8.88580e-06
  8.67714e-06  8.45866e-06  8.23045e-06  7.99261e-06  7.74531e-06  7.48870e-06
  7.22301e-06  6.94849e-06  6.66544e-06  6.37422e-06  6.07523e-06  5.76892e-06
  5.45579e-06  5.13639e-06  4.81130e-06  4.48115e-06  4.14658e-06  3.80827e-06
  3.46691e-06  3.12320e-06  2.77783e-06  2.43149e-06  2.08484e-06  1.73857e-06
  1.39331e-06  1.04972e-06  7.08418e-07  3.70028e-07  3.51503e-08 -2.95618e-07
 -6.21684e-07 -9.42456e-07 -1.25734e-06 -1.56576e-06 -1.86712e-06 -2.16088e-06
 -2.44648e-06 -2.72337e-06 -2.99104e-06 -3.24895e-06 -3.49662e-06 -3.73358e-06
 -3.95940e-06 -4.17370e-06 -4.37611e-06 -4.56632e-06 -4.74403e-06 -4.90898e-06
 -5.06097e-06 -5.19980e-06 -5.32533e-06 -5.43742e-06 -5.53597e-06 -5.62089e-06
 -5.69212e-06 -5.74960e-06 -5.79329e-06 -5.82317e-06 -5.83923e-06 -5.84148e-06
 -5.82995e-06 -5.80468e-06 -5.76577e-06 -5.71333e-06 -5.64752e-06 -5.56851e-06
 -5.47652e-06 -5.37182e-06 -5.25468e-06 -5.12545e-06 -4.98449e-06 -4.83220e-06
 -4.66901e-06 -4.49538e-06 -4.31181e-06 -4.11879e-06 -3.91687e-06 -3.70658e-06
 -3.48848e-06 -3.26313e-06 -3.03110e-06 -2.79296e-06 -2.54926e-06 -2.30057e-06
 -2.04744e-06 -1.79041e-06 -1.53003e-06 -1.26682e-06 -1.00128e-06 -7.33938e-07
 -4.65271e-07 -1.95769e-07  7.40972e-08  3.43860e-07  6.13065e-07  8.81267e-07
  1.14803e-06  1.41294e-06  1.67556e-06  1.93551e-06  2.19238e-06  2.44580e-06
  2.69538e-06  2.94077e-06  3.18162e-06  3.41760e-06  3.64837e-06  3.87363e-06
  4.09306e-06  4.30636e-06  4.51325e-06  4.71344e-06  4.90667e-06  5.09266e-06
  5.27116e-06  5.44193e-06  5.60473e-06  5.75935e-06  5.90562e-06  6.04336e-06
  6.17244e-06  6.29274e-06  6.40416e-06  6.50662e-06  6.60007e-06  6.68447e-06
  6.75984e-06  6.82619e-06  6.88356e-06  6.93201e-06  6.97161e-06  7.00245e-06
  7.02464e-06  7.03831e-06  7.04358e-06  7.04060e-06  7.02952e-06  7.01049e-06
  6.98367e-06  6.94920e-06  6.90725e-06  6.85797e-06  6.80152e-06  6.73805e-06
  6.66770e-06  6.59061e-06  6.50692e-06  6.41679e-06  6.32036e-06  6.21778e-06
  6.10923e-06  5.99485e-06  5.87480e-06  5.74926e-06  5.61838e-06  5.48235e-06
  5.34133e-06  5.19551e-06  5.04507e-06  4.89020e-06  4.73107e-06  4.56789e-06
  4.40085e-06  4.23017e-06  4.05605e-06  3.87870e-06  3.69834e-06  3.51518e-06
  3.32943e-06  3.14131e-06  2.95104e-06  2.75885e-06  2.56495e-06  2.36957e-06
  2.17293e-06  1.97526e-06  1.77680e-06  1.57781e-06  1.37854e-06  1.17928e-06
  9.80299e-07  7.81900e-07  5.84383e-07  3.88055e-07  1.93231e-07  2.21235e-10
 -1.90666e-07 -3.79131e-07 -5.64881e-07 -7.47632e-07 -9.27108e-07 -1.10304e-06
 -1.27517e-06 -1.44326e-06 -1.60709e-06 -1.76644e-06 -1.92112e-06 -2.07095e-06
 -2.21578e-06 -2.35548e-06 -2.48994e-06 -2.61909e-06 -2.74288e-06 -2.86126e-06
 -2.97423e-06 -3.08179e-06 -3.18396e-06 -3.28078e-06 -3.37230e-06 -3.45857e-06
 -3.53967e-06 -3.61567e-06 -3.68663e-06 -3.75264e-06 -3.81378e-06 -3.87017e-06
 -3.92188e-06 -3.96904e-06 -4.01174e-06 -4.05011e-06 -4.08425e-06 -4.11426e-06
 -4.14024e-06 -4.16230e-06 -4.18049e-06 -4.19491e-06 -4.20561e-06 -4.21263e-06
 -4.21602e-06 -4.21582e-06 -4.21203e-06 -4.20470e-06 -4.19383e-06 -4.17945e-06
 -4.16157e-06 -4.14020e-06 -4.11538e-06 -4.08710e-06 -4.05538e-06 -4.02025e-06
 -3.98171e-06 -3.93980e-06 -3.89451e-06 -3.84585e-06 -3.79383e-06 -3.73844e-06
 -3.67967e-06 -3.61753e-06 -3.55201e-06 -3.48311e-06 -3.41082e-06 -3.33512e-06
 -3.25602e-06 -3.17351e-06 -3.08759e-06 -2.99827e-06 -2.90557e-06 -2.80952e-06
 -2.71013e-06 -2.60746e-06 -2.50156e-06 -2.39251e-06 -2.28039e-06 -2.16529e-06
 -2.04734e-06 -1.92667e-06 -1.80340e-06 -1.67772e-06 -1.54979e-06 -1.41981e-06
 -1.28797e-06 -1.15448e-06 -1.01955e-06 -8.83386e-07 -7.46215e-07 -6.08263e-07
 -4.69760e-07 -3.30936e-07 -1.92021e-07 -5.32420e-08  8.51725e-08  2.22997e-07
  3.60005e-07  4.95975e-07  6.30690e-07  7.63942e-07  8.95530e-07  1.02526e-06
  1.15294e-06  1.27839e-06  1.40143e-06  1.52187e-06  1.63955e-06  1.75430e-06
  1.86594e-06  1.97431e-06  2.07925e-06  2.18060e-06  2.27821e-06  2.37195e-06
  2.46168e-06  2.54730e-06  2.62870e-06  2.70578e-06  2.77846e-06  2.84667e-06
  2.91037e-06  2.96952e-06  3.02410e-06  3.07409e-06  3.11950e-06  3.16033e-06
  3.19663e-06  3.22844e-06  3.25580e-06  3.27880e-06  3.29751e-06  3.31204e-06
  3.32250e-06  3.32899e-06  3.33167e-06  3.33066e-06  3.32612e-06  3.31820e-06
  3.30704e-06  3.29281e-06  3.27563e-06  3.25567e-06  3.23306e-06  3.20794e-06
  3.18043e-06  3.15066e-06  3.11873e-06  3.08476e-06  3.04886e-06  3.01113e-06
  2.97165e-06  2.93052e-06  2.88784e-06  2.84369e-06  2.79816e-06  2.75134e-06
  2.70330e-06  2.65412e-06  2.60387e-06  2.55264e-06  2.50049e-06  2.44751e-06
  2.39375e-06  2.33929e-06  2.28418e-06  2.22851e-06  2.17232e-06  2.11569e-06
  2.05868e-06  2.00136e-06  1.94378e-06  1.88601e-06  1.82811e-06  1.77017e-06
  1.71224e-06  1.65441e-06  1.59677e-06  1.53939e-06  1.48237e-06  1.42579e-06
  1.36976e-06  1.31437e-06  1.25976e-06  1.20601e-06  1.15325e-06  1.10158e-06
  1.05112e-06  1.00196e-06  9.54205e-07  9.07943e-07  8.63253e-07  8.20196e-07
  7.78822e-07  7.39166e-07  7.01248e-07  6.65079e-07  6.30654e-07  5.97953e-07
  5.66941e-07  5.37572e-07  5.09788e-07  4.83521e-07  4.58694e-07  4.35225e-07
  4.13020e-07  3.91979e-07  3.71994e-07  3.52956e-07  3.34748e-07  3.17258e-07
  3.00369e-07  2.83967e-07  2.67939e-07  2.52174e-07  2.36570e-07  2.21030e-07
  2.05467e-07  1.89803e-07  1.73968e-07  1.57903e-07  1.41556e-07  1.24889e-07
  1.07874e-07  9.04938e-08  7.27358e-08  5.45942e-08  3.60670e-08  1.71593e-08
 -2.11683e-09 -2.17396e-08 -4.16800e-08 -6.19040e-08 -8.23756e-08 -1.03059e-07
 -1.23916e-07 -1.44905e-07 -1.65980e-07 -1.87088e-07 -2.08171e-07 -2.29172e-07
 -2.50033e-07 -2.70695e-07 -2.91102e-07 -3.11191e-07 -3.30898e-07 -3.50152e-07
 -3.68880e-07 -3.87010e-07 -4.04468e-07 -4.21182e-07 -4.37078e-07 -4.52081e-07
 -4.66116e-07 -4.79107e-07 -4.90979e-07 -5.01658e-07 -5.11074e-07 -5.19157e-07
 -5.25838e-07 -5.31047e-07 -5.34716e-07 -5.36776e-07 -5.37162e-07 -5.35815e-07
 -5.32676e-07 -5.27695e-07 -5.20824e-07 -5.12021e-07 -5.01251e-07 -4.88488e-07
 -4.73717e-07 -4.56927e-07 -4.38119e-07 -4.17295e-07 -3.94467e-07 -3.69652e-07
 -3.42878e-07 -3.14182e-07 -2.83610e-07 -2.51216e-07 -2.17059e-07 -1.81205e-07
 -1.43726e-07 -1.04703e-07 -6.42259e-08 -2.23901e-08  2.07043e-08  6.49549e-08
  1.10258e-07  1.56510e-07  2.03605e-07  2.51436e-07  2.99900e-07  3.48891e-07
  3.98310e-07  4.48057e-07  4.98034e-07  5.48138e-07  5.98268e-07  6.48318e-07
  6.98183e-07  7.47755e-07  7.96928e-07  8.45594e-07  8.93643e-07  9.40967e-07
  9.87459e-07  1.03301e-06  1.07752e-06  1.12090e-06  1.16304e-06  1.20386e-06
  1.24327e-06  1.28119e-06  1.31755e-06  1.35228e-06  1.38531e-06  1.41657e-06
  1.44599e-06  1.47353e-06  1.49913e-06  1.52273e-06  1.54429e-06  1.56375e-06
  1.58108e-06  1.59623e-06  1.60918e-06  1.61989e-06  1.62835e-06  1.63453e-06
  1.63841e-06  1.63998e-06  1.63922e-06  1.63612e-06  1.63066e-06  1.62285e-06
  1.61268e-06  1.60014e-06  1.58521e-06  1.56788e-06  1.54814e-06  1.52599e-06
  1.50141e-06  1.47440e-06  1.44495e-06  1.41306e-06  1.37870e-06  1.34188e-06
  1.30261e-06  1.26089e-06  1.21674e-06  1.17017e-06  1.12122e-06  1.06992e-06
  1.01630e-06  9.60436e-07  9.02383e-07  8.42222e-07  7.80037e-07  7.15923e-07
  6.49982e-07  5.82330e-07  5.13094e-07  4.42414e-07  3.70439e-07  2.97329e-07
  2.23246e-07  1.48365e-07  7.28623e-08 -3.07203e-09 -7.92431e-08 -1.55451e-07
 -2.31495e-07 -3.07175e-07 -3.82292e-07 -4.56650e-07 -5.30056e-07 -6.02316e-07
 -6.73241e-07 -7.42647e-07 -8.10354e-07 -8.76191e-07 -9.39992e-07 -1.00160e-06
 -1.06086e-06 -1.11762e-06 -1.17174e-06 -1.22310e-06 -1.27158e-06 -1.31705e-06
 -1.35942e-06 -1.39861e-06 -1.43453e-06 -1.46713e-06 -1.49635e-06 -1.52216e-06
 -1.54453e-06 -1.56344e-06 -1.57889e-06 -1.59089e-06 -1.59946e-06 -1.60463e-06
 -1.60646e-06 -1.60499e-06 -1.60029e-06 -1.59243e-06 -1.58150e-06 -1.56760e-06
 -1.55081e-06 -1.53126e-06 -1.50905e-06 -1.48428e-06 -1.45707e-06 -1.42752e-06
 -1.39574e-06 -1.36182e-06 -1.32586e-06 -1.28794e-06 -1.24815e-06 -1.20656e-06
 -1.16322e-06 -1.11819e-06 -1.07154e-06 -1.02332e-06 -9.73586e-07 -9.22379e-07
 -8.69755e-07 -8.15764e-07 -7.60463e-07 -7.03913e-07 -6.46180e-07 -5.87336e-07
 -5.27457e-07 -4.66622e-07 -4.04916e-07 -3.42432e-07 -2.79267e-07 -2.15531e-07
 -1.51337e-07 -8.68078e-08 -2.20708e-08  4.27390e-08  1.07482e-07  1.72012e-07
  2.36182e-07  2.99844e-07  3.62849e-07  4.25049e-07  4.86297e-07  5.46446e-07
  6.05354e-07  6.62884e-07  7.18906e-07  7.73298e-07  8.25942e-07  8.76728e-07
  9.25547e-07  9.72298e-07  1.01689e-06  1.05924e-06  1.09927e-06  1.13692e-06
  1.17214e-06  1.20487e-06  1.23506e-06  1.26267e-06  1.28767e-06  1.31004e-06
  1.32976e-06  1.34683e-06  1.36125e-06  1.37300e-06  1.38210e-06  1.38857e-06
  1.39244e-06  1.39375e-06  1.39255e-06  1.38888e-06  1.38279e-06  1.37435e-06
  1.36363e-06  1.35068e-06  1.33559e-06  1.31841e-06  1.29923e-06  1.27810e-06
  1.25508e-06  1.23024e-06  1.20363e-06  1.17532e-06  1.14538e-06  1.11387e-06
  1.08085e-06  1.04639e-06  1.01055e-06  9.73400e-07  9.35032e-07  8.95522e-07
  8.54952e-07  8.13405e-07  7.70967e-07  7.27730e-07  6.83794e-07  6.39267e-07
  5.94259e-07  5.48882e-07  5.03247e-07  4.57472e-07  4.11674e-07  3.65980e-07
  3.20514e-07  2.75401e-07  2.30760e-07  1.86701e-07  1.43331e-07  1.00750e-07
  5.90530e-08  1.83329e-08 -2.13265e-08 -5.98510e-08 -9.71773e-08 -1.33250e-07
 -1.68022e-07 -2.01447e-07 -2.33486e-07 -2.64102e-07 -2.93264e-07 -3.20945e-07
 -3.47124e-07 -3.71776e-07 -3.94875e-07 -4.16393e-07 -4.36296e-07 -4.54551e-07
 -4.71121e-07 -4.85970e-07 -4.99062e-07 -5.10360e-07 -5.19827e-07 -5.27429e-07
 -5.33138e-07 -5.36934e-07 -5.38805e-07 -5.38747e-07 -5.36766e-07 -5.32879e-07
 -5.27112e-07 -5.19499e-07 -5.10085e-07 -4.98921e-07 -4.86065e-07 -4.71582e-07
 -4.55542e-07 -4.38019e-07 -4.19091e-07 -3.98837e-07 -3.77335e-07 -3.54664e-07
 -3.30901e-07 -3.06125e-07 -2.80408e-07 -2.53824e-07 -2.26440e-07 -1.98321e-07
 -1.69526e-07 -1.40114e-07 -1.10142e-07 -7.96672e-08 -4.87458e-08 -1.74350e-08
  1.42064e-08  4.61171e-08  7.82320e-08  1.10482e-07  1.42796e-07  1.75102e-07
  2.07324e-07  2.39391e-07  2.71226e-07  3.02755e-07  3.33905e-07  3.64603e-07
  3.94785e-07  4.24390e-07  4.53363e-07  4.81654e-07  5.09214e-07  5.35999e-07
  5.61969e-07  5.87091e-07  6.11336e-07  6.34684e-07  6.57115e-07  6.78608e-07
  6.99139e-07  7.18685e-07  7.37220e-07  7.54720e-07  7.71161e-07  7.86519e-07
  8.00766e-07  8.13875e-07  8.25819e-07  8.36574e-07  8.46120e-07  8.54444e-07
  8.61539e-07  8.67399e-07  8.72025e-07  8.75422e-07  8.77600e-07  8.78575e-07
  8.78374e-07  8.77022e-07  8.74553e-07  8.71001e-07  8.66401e-07  8.60793e-07
  8.54219e-07  8.46718e-07  8.38332e-07  8.29098e-07  8.19049e-07  8.08217e-07
  7.96632e-07  7.84322e-07  7.71313e-07  7.57626e-07  7.43279e-07  7.28286e-07
  7.12661e-07  6.96419e-07  6.79580e-07  6.62162e-07  6.44188e-07  6.25682e-07
  6.06672e-07  5.87192e-07  5.67283e-07  5.46995e-07  5.26381e-07  5.05501e-07
  4.84414e-07  4.63180e-07  4.41864e-07  4.20527e-07  3.99237e-07  3.78054e-07
  3.57037e-07  3.36237e-07  3.15698e-07  2.95458e-07  2.75548e-07  2.55996e-07
  2.36824e-07  2.18050e-07  1.99689e-07  1.81752e-07  1.64252e-07  1.47197e-07
  1.30601e-07  1.14479e-07  9.88490e-08  8.37317e-08  6.91497e-08  5.51270e-08
  4.16886e-08  2.88601e-08  1.66675e-08  5.13690e-09 -5.70685e-09 -1.58401e-08
 -2.52420e-08 -3.38938e-08 -4.17800e-08 -4.88874e-08 -5.52062e-08 -6.07299e-08
 -6.54568e-08 -6.93896e-08 -7.25361e-08 -7.49084e-08 -7.65227e-08 -7.73990e-08
 -7.75616e-08 -7.70382e-08 -7.58599e-08 -7.40597e-08 -7.16712e-08 -6.87273e-08
 -6.52600e-08 -6.13004e-08 -5.68788e-08 -5.20238e-08 -4.67609e-08 -4.11119e-08
 -3.50936e-08 -2.87194e-08 -2.19996e-08 -1.49431e-08 -7.55755e-09  1.50960e-10
  8.17742e-09  1.65177e-08  2.51673e-08  3.41193e-08  4.33636e-08  5.28864e-08
  6.26706e-08  7.26968e-08  8.29428e-08  9.33838e-08  1.03992e-07  1.14735e-07
  1.25580e-07  1.36492e-07  1.47437e-07  1.58380e-07  1.69287e-07  1.80122e-07
  1.90853e-07  2.01446e-07  2.11873e-07  2.22107e-07  2.32127e-07  2.41914e-07
  2.51453e-07  2.60731e-07  2.69740e-07  2.78480e-07  2.86951e-07  2.95163e-07
  3.03124e-07  3.10841e-07  3.18323e-07  3.25575e-07  3.32602e-07  3.39410e-07
  3.45998e-07  3.52365e-07  3.58504e-07  3.64402e-07  3.70046e-07  3.75419e-07
  3.80508e-07  3.85302e-07  3.89790e-07  3.93963e-07  3.97814e-07  4.01336e-07
  4.04528e-07  4.07390e-07  4.09930e-07  4.12153e-07  4.14069e-07  4.15686e-07
  4.17012e-07  4.18055e-07  4.18822e-07  4.19324e-07  4.19566e-07  4.19557e-07
  4.19300e-07  4.18798e-07  4.18053e-07  4.17066e-07  4.15836e-07  4.14363e-07
  4.12648e-07  4.10690e-07  4.08487e-07  4.06042e-07  4.03356e-07  4.00433e-07
  3.97277e-07  3.93896e-07  3.90299e-07  3.86496e-07  3.82499e-07  3.78323e-07
  3.73981e-07  3.69490e-07  3.64864e-07  3.60120e-07  3.55271e-07  3.50334e-07
  3.45321e-07  3.40245e-07  3.35117e-07  3.29943e-07  3.24733e-07  3.19491e-07
  3.14221e-07  3.08929e-07  3.03616e-07  2.98287e-07  2.92943e-07  2.87591e-07
  2.82235e-07  2.76880e-07  2.71534e-07  2.66206e-07  2.60908e-07  2.55652e-07
  2.50455e-07  2.45332e-07  2.40301e-07  2.35378e-07  2.30581e-07  2.25927e-07
  2.21434e-07  2.17117e-07  2.12990e-07  2.09062e-07  2.05339e-07  2.01828e-07
  1.98531e-07  1.95450e-07  1.92587e-07  1.89938e-07  1.87499e-07  1.85262e-07
  1.83221e-07  1.81369e-07  1.79701e-07  1.78212e-07  1.76893e-07  1.75737e-07
  1.74733e-07  1.73871e-07  1.73144e-07  1.72544e-07  1.72065e-07  1.71703e-07
  1.71447e-07  1.71289e-07  1.71218e-07  1.71224e-07  1.71298e-07  1.71434e-07
  1.71619e-07  1.71845e-07  1.72097e-07  1.72364e-07  1.72632e-07  1.72891e-07
  1.73130e-07  1.73341e-07  1.73515e-07  1.73644e-07  1.73721e-07  1.73743e-07
  1.73706e-07  1.73611e-07  1.73462e-07  1.73262e-07  1.73019e-07  1.72739e-07
  1.72433e-07  1.72111e-07  1.71783e-07  1.71460e-07  1.71150e-07  1.70864e-07
  1.70606e-07  1.70383e-07  1.70195e-07  1.70044e-07  1.69927e-07  1.69839e-07
  1.69774e-07  1.69726e-07  1.69689e-07  1.69654e-07  1.69616e-07  1.69568e-07
  1.69506e-07  1.69428e-07  1.69334e-07  1.69226e-07  1.69107e-07  1.68982e-07
  1.68858e-07  1.68741e-07  1.68639e-07  1.68558e-07  1.68504e-07  1.68484e-07
  1.68499e-07  1.68554e-07  1.68649e-07  1.68784e-07  1.68958e-07  1.69166e-07
  1.69405e-07  1.69667e-07  1.69945e-07  1.70234e-07  1.70526e-07  1.70816e-07
  1.71098e-07  1.71369e-07  1.71624e-07  1.71863e-07  1.72086e-07  1.72298e-07
  1.72505e-07  1.72714e-07  1.72937e-07  1.73184e-07  1.73467e-07  1.73799e-07
  1.74190e-07  1.74653e-07  1.75200e-07  1.75843e-07  1.76591e-07  1.77452e-07
  1.78431e-07  1.79532e-07  1.80755e-07  1.82103e-07  1.83573e-07  1.85164e-07
  1.86873e-07  1.88692e-07  1.90615e-07  1.92634e-07  1.94739e-07  1.96926e-07
  1.99187e-07  2.01517e-07  2.03911e-07  2.06362e-07  2.08867e-07  2.11422e-07
  2.14028e-07  2.16683e-07  2.19389e-07  2.22145e-07  2.24947e-07  2.27793e-07
  2.30681e-07  2.33607e-07  2.36568e-07  2.39561e-07  2.42578e-07  2.45612e-07
  2.48656e-07  2.51703e-07  2.54746e-07  2.57781e-07  2.60802e-07  2.63805e-07
  2.66782e-07  2.69729e-07  2.72638e-07  2.75504e-07  2.78321e-07  2.81080e-07
  2.83773e-07  2.86390e-07  2.88920e-07  2.91353e-07  2.93676e-07  2.95876e-07
  2.97939e-07  2.99849e-07  3.01592e-07  3.03153e-07  3.04522e-07  3.05685e-07
  3.06634e-07  3.07357e-07  3.07845e-07  3.08091e-07  3.08093e-07  3.07850e-07
  3.07365e-07  3.06644e-07  3.05693e-07  3.04523e-07  3.03144e-07  3.01572e-07
  2.99823e-07  2.97915e-07  2.95865e-07  2.93687e-07  2.91394e-07  2.88999e-07
  2.86509e-07  2.83932e-07  2.81270e-07  2.78525e-07  2.75695e-07  2.72777e-07
  2.69768e-07  2.66667e-07  2.63471e-07  2.60179e-07  2.56790e-07  2.53308e-07
  2.49734e-07  2.46076e-07  2.42343e-07  2.38548e-07  2.34704e-07  2.30826e-07
  2.26931e-07  2.23036e-07  2.19162e-07  2.15330e-07  2.11562e-07  2.07880e-07
  2.04304e-07  2.00853e-07  1.97543e-07  1.94390e-07  1.91405e-07  1.88600e-07
  1.85980e-07  1.83550e-07  1.81309e-07  1.79254e-07  1.77383e-07  1.75691e-07
  1.74171e-07  1.72820e-07  1.71631e-07  1.70602e-07  1.69730e-07  1.69014e-07
  1.68454e-07  1.68053e-07  1.67815e-07  1.67744e-07  1.67844e-07  1.68120e-07
  1.68574e-07  1.69211e-07  1.70035e-07  1.71047e-07  1.72246e-07  1.73631e-07
  1.75195e-07  1.76930e-07  1.78829e-07  1.80880e-07  1.83069e-07  1.85381e-07
  1.87797e-07  1.90298e-07  1.92861e-07  1.95466e-07  1.98093e-07  2.00723e-07
  2.03340e-07  2.05929e-07  2.08477e-07  2.10974e-07  2.13411e-07  2.15786e-07
  2.18097e-07  2.20346e-07  2.22534e-07  2.24664e-07  2.26739e-07  2.28759e-07
  2.30727e-07  2.32642e-07  2.34503e-07  2.36307e-07  2.38049e-07  2.39723e-07
  2.41320e-07  2.42833e-07  2.44251e-07  2.45565e-07  2.46764e-07  2.47838e-07
  2.48781e-07  2.49583e-07  2.50240e-07  2.50748e-07  2.51104e-07  2.51307e-07
  2.51362e-07  2.51273e-07  2.51048e-07  2.50700e-07  2.50239e-07  2.49681e-07
  2.49039e-07  2.48328e-07  2.47562e-07  2.46758e-07  2.45927e-07  2.45081e-07
  2.44231e-07  2.43381e-07  2.42535e-07  2.41695e-07  2.40858e-07  2.40024e-07
  2.39190e-07  2.38352e-07  2.37505e-07  2.36645e-07  2.35767e-07  2.34868e-07
  2.33945e-07  2.32998e-07  2.32028e-07  2.25382e-07  2.08058e-07  1.81795e-07
  1.49193e-07  1.13446e-07  7.80238e-08  4.63291e-08  2.13653e-08  5.45030e-09
  0.00000e+00  0.00000e+00  0.00000e+00  0.00000e+00  0.00000e+00  0.00000e+00
  0.00000e+00  0.00000e+00  0.00000e+00  0.00000e+00  0.00000e+00  0.00000e+00
  0.00000e+00  0.00000e+00  0.00000e+00  0.00000e+00  0.00000e+00  0.00000e+00
  0.00000e+00  0.00000e+00  0.00000e+00  0.00000e+00  0.00000e+00  0.00000e+00
  0.00000e+00  0.00000e+00  0.00000e+00  0.00000e+00  0.00000e+00  0.00000e+00
  0.00000e+00  0.00000e+00  0.00000e+00  0.00000e+00  0.00000e+00  0.00000e+00
  0.00000e+00  0.00000e+00  0.00000e+00  0.00000e+00  0.00000e+00  0.00000e+00
  0.00000e+00  0.00000e+00  0.00000e+00  0.00000e+00  0.00000e+00  0.00000e+00
  0.00000e+00  0.00000e+00  0.00000e+00  0.00000e+00  0.00000e+00  0.00000e+00
  0.00000e+00  0.00000e+00  0.00000e+00  0.00000e+00  0.00000e+00  0.00000e+00
  0.00000e+00  0.00000e+00  0.00000e+00  0.00000e+00  0.00000e+00  0.00000e+00
  0.00000e+00  0.00000e+00  0.00000e+00  0.00000e+00  0.00000e+00  0.00000e+00
  0.00000e+00  0.00000e+00  0.00000e+00  0.00000e+00  0.00000e+00  0.00000e+00
  0.00000e+00  0.00000e+00  0.00000e+00  0.00000e+00  0.00000e+00  0.00000e+00
  0.00000e+00  0.00000e+00  0.00000e+00  0.00000e+00  0.00000e+00  0.00000e+00
  0.00000e+00  0.00000e+00  0.00000e+00  0.00000e+00  0.00000e+00  0.00000e+00
  0.00000e+00  0.00000e+00  0.00000e+00  0.00000e+00  0.00000e+00  0.00000e+00
  0.00000e+00  0.00000e+00  0.00000e+00  0.00000e+00  0.00000e+00  0.00000e+00
  0.00000e+00  0.00000e+00  0.00000e+00  0.00000e+00  0.00000e+00  0.00000e+00
  0.00000e+00  0.00000e+00  0.00000e+00  0.00000e+00  0.00000e+00  0.00000e+00
  0.00000e+00  0.00000e+00  0.00000e+00  0.00000e+00  0.00000e+00  0.00000e+00
  0.00000e+00  0.00000e+00  0.00000e+00  0.00000e+00  0.00000e+00  0.00000e+00
  0.00000e+00  0.00000e+00  0.00000e+00  0.00000e+00  0.00000e+00  0.00000e+00
  0.00000e+00  0.00000e+00  0.00000e+00  0.00000e+00  0.00000e+00  0.00000e+00
  0.00000e+00  0.00000e+00  0.00000e+00  0.00000e+00  0.00000e+00  0.00000e+00
  0.00000e+00  0.00000e+00  0.00000e+00  0.00000e+00  0.00000e+00  0.00000e+00
  0.00000e+00  0.00000e+00  0.00000e+00  0.00000e+00  0.00000e+00  0.00000e+00
  0.00000e+00  0.00000e+00  0.00000e+00  0.00000e+00  0.00000e+00  0.00000e+00
  0.00000e+00  0.00000e+00  0.00000e+00  0.00000e+00  0.00000e+00  0.00000e+00
  0.00000e+00  0.00000e+00  0.00000e+00  0.00000e+00  0.00000e+00  0.00000e+00
  0.00000e+00  0.00000e+00  0.00000e+00  0.00000e+00  0.00000e+00  0.00000e+00
  0.00000e+00  0.00000e+00  0.00000e+00  0.00000e+00  0.00000e+00  0.00000e+00
  0.00000e+00  0.00000e+00  0.00000e+00  0.00000e+00  0.00000e+00  0.00000e+00
  0.00000e+00  0.00000e+00  0.00000e+00  0.00000e+00  0.00000e+00  0.00000e+00
  0.00000e+00  0.00000e+00  0.00000e+00  0.00000e+00  0.00000e+00  0.00000e+00
  0.00000e+00  0.00000e+00  0.00000e+00  0.00000e+00  0.00000e+00  0.00000e+00
  0.00000e+00  0.00000e+00  0.00000e+00  0.00000e+00  0.00000e+00  0.00000e+00
  0.00000e+00  0.00000e+00  0.00000e+00  0.00000e+00  0.00000e+00  0.00000e+00
  0.00000e+00  0.00000e+00  0.00000e+00  0.00000e+00  0.00000e+00  0.00000e+00
  0.00000e+00  0.00000e+00  0.00000e+00  0.00000e+00  0.00000e+00  0.00000e+00
  0.00000e+00  0.00000e+00  0.00000e+00  0.00000e+00  0.00000e+00  0.00000e+00
  0.00000e+00  0.00000e+00  0.00000e+00  0.00000e+00  0.00000e+00  0.00000e+00
  0.00000e+00  0.00000e+00  0.00000e+00  0.00000e+00  0.00000e+00  0.00000e+00
  0.00000e+00  0.00000e+00  0.00000e+00  0.00000e+00  0.00000e+00  0.00000e+00
  0.00000e+00  0.00000e+00  0.00000e+00  0.00000e+00  0.00000e+00  0.00000e+00
  0.00000e+00  0.00000e+00  0.00000e+00  0.00000e+00  0.00000e+00  0.00000e+00
  0.00000e+00  0.00000e+00  0.00000e+00  0.00000e+00  0.00000e+00  0.00000e+00
  0.00000e+00  0.00000e+00  0.00000e+00  0.00000e+00  0.00000e+00  0.00000e+00
  0.00000e+00  0.00000e+00  0.00000e+00  0.00000e+00  0.00000e+00  0.00000e+00
  0.00000e+00  0.00000e+00  0.00000e+00  0.00000e+00  0.00000e+00  0.00000e+00
  0.00000e+00  0.00000e+00  0.00000e+00  0.00000e+00  0.00000e+00  0.00000e+00
  0.00000e+00  0.00000e+00  0.00000e+00  0.00000e+00  0.00000e+00  0.00000e+00
  0.00000e+00  0.00000e+00  0.00000e+00  0.00000e+00  0.00000e+00  0.00000e+00
  0.00000e+00  0.00000e+00  0.00000e+00  0.00000e+00  0.00000e+00  0.00000e+00
  0.00000e+00  0.00000e+00  0.00000e+00  0.00000e+00  0.00000e+00  0.00000e+00
  0.00000e+00  0.00000e+00  0.00000e+00  0.00000e+00  0.00000e+00  0.00000e+00
  0.00000e+00  0.00000e+00  0.00000e+00  0.00000e+00  0.00000e+00  0.00000e+00
  0.00000e+00  0.00000e+00  0.00000e+00  0.00000e+00  0.00000e+00  0.00000e+00
  0.00000e+00  0.00000e+00  0.00000e+00  0.00000e+00  0.00000e+00  0.00000e+00
  0.00000e+00  0.00000e+00  0.00000e+00  0.00000e+00  0.00000e+00  0.00000e+00
  0.00000e+00  0.00000e+00  0.00000e+00  0.00000e+00  0.00000e+00  0.00000e+00
  0.00000e+00  0.00000e+00  0.00000e+00  0.00000e+00  0.00000e+00  0.00000e+00
  0.00000e+00  0.00000e+00
