CACS       000 TITLE
2000  8.00000e-02 0 0  0.00000e+00  0.00000e+00  0.00000e+00  0.00000e+00
 -1.71932e-12 -1.93774e-12 -2.16148e-12 -2.39026e-12 -2.62379e-12 -2.86175e-12
 -3.10381e-12 -3.34963e-12 -3.59883e-12 -3.85102e-12 -4.10581e-12 -4.36276e-12
 -4.62144e-12 -4.88139e-12 -5.14213e-12 -5.40318e-12 -5.66403e-12 -5.92418e-12
 -6.18309e-12 -6.44022e-12 -6.69503e-12 -6.94696e-12 -7.19545e-12 -7.43992e-12
 -7.67978e-12 -7.91448e-12 -8.14342e-12 -8.36602e-12 -8.58171e-12 -8.78991e-12
 -8.99005e-12 -9.18157e-12 -9.36391e-12 -9.53655e-12 -9.69894e-12 -9.85057e-12
 -9.99094e-12 -1.01196e-11 -1.02360e-11 -1.03397e-11 -1.04304e-11 -1.05077e-11
 -1.05711e-11 -1.06204e-11 -1.06552e-11 -1.06752e-11 -1.06803e-11 -1.06702e-11
 -1.06448e-11 -1.06040e-11 -1.05476e-11 -1.04756e-11 -1.03881e-11 -1.02851e-11
 -1.01667e-11 -1.00330e-11 -9.88419e-12 -9.72057e-12 -9.54239e-12 -9.34999e-12
 -9.14375e-12 -8.92410e-12 -8.69150e-12 -8.44648e-12 -8.18959e-12 -7.92144e-12
 -7.64266e-12 -7.35392e-12 -7.05596e-12 -6.74950e-12 -6.43533e-12 -6.11424e-12
 -5.78707e-12 -5.45465e-12 -5.11786e-12 -4.77757e-12 -4.43466e-12 -4.09003e-12
 -3.74458e-12 -3.39920e-12 -3.05479e-12 -2.71223e-12 -2.37239e-12 -2.03614e-12
 -1.70430e-12 -1.37770e-12 -1.05713e-12 -7.43343e-13 -4.37069e-13 -1.39001e-13
  1.50212e-13  4.29958e-13  6.99672e-13  9.58830e-13  1.20695e-12  1.44361e-12
  1.66842e-12  1.88105e-12  2.08120e-12  2.26863e-12  2.44315e-12  2.60461e-12
  2.75289e-12  2.88794e-12  3.00974e-12  3.11833e-12  3.21377e-12  3.29618e-12
  3.36572e-12  3.42259e-12  3.46704e-12  3.49934e-12  3.51982e-12  3.52883e-12
  3.52678e-12  3.51409e-12  3.49122e-12  3.45867e-12  3.41694e-12  3.36659e-12
  3.30817e-12  3.24225e-12  3.16945e-12  3.09036e-12  3.00560e-12  2.91580e-12
  2.82157e-12  2.72353e-12  2.62231e-12  2.51852e-12  2.41276e-12  2.30562e-12
  2.19768e-12  2.08948e-12  1.98158e-12  1.87446e-12  1.76864e-12  1.66456e-12
  1.56266e-12  1.46334e-12  1.36697e-12  1.27389e-12  1.18441e-12  1.09881e-12
  1.01733e-12  9.40183e-13  8.67560e-13  7.99615e-13  7.36478e-13  6.78251e-13
  6.25008e-13  5.76807e-13  5.33676e-13  4.95624e-13  4.62637e-13  4.34684e-13
  4.11714e-13  3.93658e-13  3.80431e-13  3.71931e-13  3.68041e-13  3.68630e-13
  3.73555e-13  3.82658e-13  3.95775e-13  4.12731e-13  4.33342e-13  4.57417e-13
  4.84757e-13  5.15155e-13  5.48402e-13  5.84282e-13  6.22575e-13  6.63059e-13
  7.05509e-13  7.49699e-13  7.95401e-13  8.42392e-13  8.90448e-13  9.39350e-13
  9.88883e-13  1.03884e-12  1.08901e-12  1.13920e-12  1.18923e-12  1.23889e-12
  1.28804e-12  1.33648e-12  1.38407e-12  1.43066e-12  1.47609e-12  1.52022e-12
  1.56293e-12  1.60410e-12  1.64359e-12  1.68130e-12  1.71713e-12  1.75097e-12
  1.78274e-12  1.81235e-12  1.83973e-12  1.86481e-12  1.88753e-12  1.90784e-12
  1.92569e-12  1.94105e-12  1.95389e-12  1.96420e-12  1.97196e-12  1.97717e-12
  1.97983e-12  1.97996e-12  1.97757e-12  1.97270e-12  1.96537e-12  1.95563e-12
  1.94352e-12  1.92909e-12  1.91239e-12  1.89348e-12  1.87242e-12  1.84929e-12
  1.82415e-12  1.79707e-12  1.76812e-12  1.73738e-12  1.70492e-12  1.67083e-12
  1.63519e-12  1.59808e-12  1.55958e-12  1.51978e-12  1.47876e-12  1.43662e-12
  1.39345e-12  1.34933e-12  1.30436e-12  1.25864e-12  1.21226e-12  1.16531e-12
  1.11791e-12  1.07013e-12  1.02208e-12  9.73858e-13  9.25548e-13  8.77245e-13
  8.29036e-13  7.81005e-13  7.33236e-13  6.85806e-13  6.38789e-13  5.92257e-13
  5.46275e-13  5.00906e-13  4.56211e-13  4.12244e-13  3.69061e-13  3.26712e-13
  2.85243e-13  2.44702e-13  2.05130e-13  1.66569e-13  1.29055e-13  9.26243e-14
  5.73080e-14  2.31347e-14 -9.87036e-15 -4.16854e-14 -7.22920e-14 -1.01676e-13
 -1.29826e-13 -1.56737e-13 -1.82406e-13 -2.06836e-13 -2.30032e-13 -2.52005e-13
 -2.72769e-13 -2.92340e-13 -3.10739e-13 -3.27989e-13 -3.44114e-13 -3.59141e-13
 -3.73099e-13 -3.86018e-13 -3.97928e-13 -4.08860e-13 -4.18842e-13 -4.27906e-13
 -4.36080e-13 -4.43393e-13 -4.49872e-13 -4.55545e-13 -4.60439e-13 -4.64577e-13
 -4.67984e-13 -4.70683e-13 -4.72698e-13 -4.74050e-13 -4.74760e-13 -4.74850e-13
 -4.74339e-13 -4.73248e-13 -4.71595e-13 -4.69398e-13 -4.66673e-13 -4.63438e-13
 -4.59707e-13 -4.55492e-13 -4.50805e-13 -4.45655e-13 -4.40050e-13 -4.33994e-13
 -4.27494e-13 -4.20552e-13 -4.13171e-13 -4.05353e-13 -3.97099e-13 -3.88410e-13
 -3.79290e-13 -3.69740e-13 -3.59764e-13 -3.49368e-13 -3.38558e-13 -3.27342e-13
 -3.15728e-13 -3.03728e-13 -2.91356e-13 -2.78626e-13 -2.65557e-13 -2.52167e-13
 -2.38480e-13 -2.24519e-13 -2.10309e-13 -1.95877e-13 -1.81253e-13 -1.66465e-13
 -1.51544e-13 -1.36520e-13 -1.21423e-13 -1.06284e-13 -9.11315e-14 -7.59952e-14
 -6.09036e-14 -4.58846e-14 -3.09659e-14 -1.61744e-14 -1.53647e-15  1.29219e-14
  2.71747e-14  4.11961e-14  5.49601e-14  6.84413e-14  8.16145e-14  9.44551e-14
  1.06939e-13  1.19042e-13  1.30742e-13  1.42016e-13  1.52842e-13  1.63200e-13
  1.73071e-13  1.82438e-13  1.91286e-13  1.99600e-13  2.07368e-13  2.14578e-13
  2.21222e-13  2.27291e-13  2.32777e-13  2.37677e-13  2.41985e-13  2.45697e-13
  2.48810e-13  2.51323e-13  2.53233e-13  2.54539e-13  2.55241e-13  2.55339e-13
  2.54835e-13  2.53731e-13  2.52030e-13  2.49738e-13  2.46861e-13  2.43407e-13
  2.39386e-13  2.34810e-13  2.29689e-13  2.24040e-13  2.17879e-13  2.11222e-13
  2.04089e-13  1.96499e-13  1.88475e-13  1.80038e-13  1.71212e-13  1.62020e-13
  1.52486e-13  1.42636e-13  1.32494e-13  1.22084e-13  1.11432e-13  1.00561e-13
  8.94963e-14  7.82614e-14  6.68798e-14  5.53743e-14  4.37675e-14  3.20814e-14
  2.03377e-14  8.55731e-15 -3.23889e-15 -1.50306e-14 -2.67979e-14 -3.85214e-14
 -5.01821e-14 -6.17614e-14 -7.32412e-14 -8.46038e-14 -9.58321e-14 -1.06909e-13
 -1.17819e-13 -1.28545e-13 -1.39073e-13 -1.49388e-13 -1.59475e-13 -1.69322e-13
 -1.78913e-13 -1.88237e-13 -1.97280e-13 -2.06031e-13 -2.14477e-13 -2.22607e-13
 -2.30410e-13 -2.37874e-13 -2.44990e-13 -2.51749e-13 -2.58143e-13 -2.64164e-13
 -2.69806e-13 -2.75064e-13 -2.79935e-13 -2.84413e-13 -2.88498e-13 -2.92188e-13
 -2.95482e-13 -2.98382e-13 -3.00890e-13 -3.03008e-13 -3.04739e-13 -3.06087e-13
 -3.07057e-13 -3.07654e-13 -3.07885e-13 -3.07755e-13 -3.07270e-13 -3.06438e-13
 -3.05266e-13 -3.03759e-13 -3.01925e-13 -2.99771e-13 -2.97304e-13 -2.94530e-13
 -2.91454e-13 -2.88085e-13 -2.84427e-13 -2.80487e-13 -2.76272e-13 -2.71788e-13
 -2.67043e-13 -2.62043e-13 -2.56796e-13 -2.51308e-13 -2.45587e-13 -2.39641e-13
 -2.33477e-13 -2.27103e-13 -2.20527e-13 -2.13757e-13 -2.06802e-13 -1.99669e-13
 -1.92367e-13 -1.84907e-13 -1.77295e-13 -1.69543e-13 -1.61660e-13 -1.53653e-13
 -1.45534e-13 -1.37311e-13 -1.28994e-13 -1.20593e-13 -1.12118e-13 -1.03577e-13
 -9.49818e-14 -8.63414e-14 -7.76666e-14 -6.89682e-14 -6.02580e-14 -5.15479e-14
 -4.28502e-14 -3.41779e-14 -2.55442e-14 -1.69624e-14 -8.44639e-15 -9.67058e-18
  8.33427e-15  1.65723e-14  2.46917e-14  3.26801e-14  4.05252e-14  4.82154e-14
  5.57396e-14  6.30871e-14  7.02482e-14  7.72135e-14  8.39748e-14  9.05241e-14
  9.68549e-14  1.02961e-13  1.08839e-13  1.14484e-13  1.19895e-13  1.25070e-13
  1.30008e-13  1.34709e-13  1.39175e-13  1.43407e-13  1.47408e-13  1.51179e-13
  1.54724e-13  1.58046e-13  1.61148e-13  1.64033e-13  1.66706e-13  1.69170e-13
  1.71431e-13  1.73492e-13  1.75359e-13  1.77036e-13  1.78528e-13  1.79840e-13
  1.80976e-13  1.81940e-13  1.82735e-13  1.83365e-13  1.83833e-13  1.84140e-13
  1.84288e-13  1.84279e-13  1.84114e-13  1.83793e-13  1.83318e-13  1.82689e-13
  1.81908e-13  1.80974e-13  1.79889e-13  1.78653e-13  1.77266e-13  1.75731e-13
  1.74046e-13  1.72214e-13  1.70234e-13  1.68108e-13  1.65834e-13  1.63412e-13
  1.60843e-13  1.58127e-13  1.55263e-13  1.52252e-13  1.49092e-13  1.45783e-13
  1.42325e-13  1.38719e-13  1.34963e-13  1.31059e-13  1.27007e-13  1.22808e-13
  1.18463e-13  1.13976e-13  1.09347e-13  1.04580e-13  9.96789e-14  9.46480e-14
  8.94923e-14  8.42172e-14  7.88292e-14  7.33353e-14  6.77434e-14  6.20618e-14
  5.62990e-14  5.04640e-14  4.45659e-14  3.86140e-14  3.26181e-14  2.65880e-14
  2.05338e-14  1.44657e-14  8.39349e-15  2.32728e-15 -3.72301e-15 -9.74750e-15
 -1.57363e-14 -2.16797e-14 -2.75683e-14 -3.33930e-14 -3.91449e-14 -4.48155e-14
 -5.03967e-14 -5.58803e-14 -6.12584e-14 -6.65232e-14 -7.16671e-14 -7.66828e-14
 -8.15627e-14 -8.62998e-14 -9.08868e-14 -9.53169e-14 -9.95837e-14 -1.03681e-13
 -1.07604e-13 -1.11346e-13 -1.14904e-13 -1.18273e-13 -1.21450e-13 -1.24432e-13
 -1.27216e-13 -1.29802e-13 -1.32188e-13 -1.34373e-13 -1.36357e-13 -1.38143e-13
 -1.39729e-13 -1.41119e-13 -1.42316e-13 -1.43321e-13 -1.44139e-13 -1.44774e-13
 -1.45231e-13 -1.45515e-13 -1.45632e-13 -1.45588e-13 -1.45389e-13 -1.45043e-13
 -1.44555e-13 -1.43933e-13 -1.43182e-13 -1.42310e-13 -1.41322e-13 -1.40223e-13
 -1.39021e-13 -1.37720e-13 -1.36324e-13 -1.34839e-13 -1.33270e-13 -1.31620e-13
 -1.29895e-13 -1.28097e-13 -1.26232e-13 -1.24302e-13 -1.22312e-13 -1.20265e-13
 -1.18165e-13 -1.16015e-13 -1.13819e-13 -1.11579e-13 -1.09300e-13 -1.06984e-13
 -1.04634e-13 -1.02253e-13 -9.98449e-14 -9.74112e-14 -9.49552e-14 -9.24798e-14
 -8.99878e-14 -8.74820e-14 -8.49651e-14 -8.24399e-14 -7.99093e-14 -7.73764e-14
 -7.48444e-14 -7.23167e-14 -6.97970e-14 -6.72889e-14 -6.47963e-14 -6.23232e-14
 -5.98739e-14 -5.74531e-14 -5.50657e-14 -5.27164e-14 -5.04102e-14 -4.81518e-14
 -4.59459e-14 -4.37971e-14 -4.17096e-14 -3.96875e-14 -3.77340e-14 -3.58519e-14
 -3.40434e-14 -3.23099e-14 -3.06525e-14 -2.90715e-14 -2.75668e-14 -2.61373e-14
 -2.47818e-14 -2.34980e-14 -2.22835e-14 -2.11354e-14 -2.00502e-14 -1.90243e-14
 -1.80537e-14 -1.71339e-14 -1.62604e-14 -1.54282e-14 -1.46323e-14 -1.38678e-14
 -1.31295e-14 -1.24126e-14 -1.17120e-14 -1.10229e-14 -1.03408e-14 -9.66154e-15
 -8.98126e-15 -8.29656e-15 -7.60440e-15 -6.90214e-15 -6.18760e-15 -5.45907e-15
 -4.71534e-15 -3.95561e-15 -3.17938e-15 -2.38639e-15 -1.57654e-15 -7.50056e-16
  9.25290e-17  9.50268e-16  1.82189e-15  2.70591e-15  3.60075e-15  4.50484e-15
  5.41652e-15  6.33400e-15  7.25521e-15  8.17786e-15  9.09945e-15  1.00174e-14
  1.09293e-14  1.18325e-14  1.27245e-14  1.36026e-14  1.44640e-14  1.53056e-14
  1.61243e-14  1.69168e-14  1.76799e-14  1.84104e-14  1.91053e-14  1.97611e-14
  2.03746e-14  2.09424e-14  2.14614e-14  2.19282e-14  2.23397e-14  2.26931e-14
  2.29851e-14  2.32128e-14  2.33732e-14  2.34632e-14  2.34801e-14  2.34212e-14
  2.32840e-14  2.30663e-14  2.27660e-14  2.23811e-14  2.19104e-14  2.13525e-14
  2.07068e-14  1.99729e-14  1.91508e-14  1.82406e-14  1.72427e-14  1.61580e-14
  1.49877e-14  1.37333e-14  1.23970e-14  1.09810e-14  9.48795e-15  7.92071e-15
  6.28245e-15  4.57672e-15  2.80740e-15  9.78700e-16 -9.05015e-16 -2.83927e-15
 -4.81954e-15 -6.84127e-15 -8.89985e-15 -1.09906e-14 -1.31090e-14 -1.52505e-14
 -1.74107e-14 -1.95852e-14 -2.17697e-14 -2.39599e-14 -2.61511e-14 -2.83389e-14
 -3.05185e-14 -3.26854e-14 -3.48348e-14 -3.69621e-14 -3.90624e-14 -4.11310e-14
 -4.31632e-14 -4.51544e-14 -4.71001e-14 -4.89960e-14 -5.08380e-14 -5.26222e-14
 -5.43449e-14 -5.60027e-14 -5.75921e-14 -5.91102e-14 -6.05538e-14 -6.19201e-14
 -6.32064e-14 -6.44101e-14 -6.55290e-14 -6.65607e-14 -6.75030e-14 -6.83538e-14
 -6.91112e-14 -6.97736e-14 -7.03394e-14 -7.08077e-14 -7.11774e-14 -7.14475e-14
 -7.16173e-14 -7.16859e-14 -7.16526e-14 -7.15169e-14 -7.12785e-14 -7.09372e-14
 -7.04926e-14 -6.99442e-14 -6.92916e-14 -6.85341e-14 -6.76713e-14 -6.67029e-14
 -6.56287e-14 -6.44481e-14 -6.31609e-14 -6.17667e-14 -6.02649e-14 -5.86556e-14
 -5.69389e-14 -5.51152e-14 -5.31852e-14 -5.11498e-14 -4.90101e-14 -4.67675e-14
 -4.44240e-14 -4.19820e-14 -3.94444e-14 -3.68147e-14 -3.40965e-14 -3.12940e-14
 -2.84116e-14 -2.54545e-14 -2.24280e-14 -1.93385e-14 -1.61924e-14 -1.29967e-14
 -9.75841e-15 -6.48522e-15 -3.18491e-15  1.34283e-16  3.46382e-15  6.79499e-15
  1.01190e-14  1.34270e-14  1.67105e-14  1.99608e-14  2.31695e-14  2.63281e-14
  2.94283e-14  3.24621e-14  3.54217e-14  3.82995e-14  4.10884e-14  4.37812e-14
  4.63715e-14  4.88526e-14  5.12185e-14  5.34635e-14  5.55823e-14  5.75700e-14
  5.94222e-14  6.11352e-14  6.27055e-14  6.41304e-14  6.54077e-14  6.65358e-14
  6.75135e-14  6.83401e-14  6.90154e-14  6.95398e-14  6.99145e-14  7.01407e-14
  7.02205e-14  7.01563e-14  6.99509e-14  6.96075e-14  6.91298e-14  6.85219e-14
  6.77882e-14  6.69336e-14  6.59626e-14  6.48801e-14  6.36907e-14  6.23990e-14
  6.10097e-14  5.95270e-14  5.79551e-14  5.62978e-14  5.45585e-14  5.27403e-14
  5.08458e-14  4.88778e-14  4.68387e-14  4.47309e-14  4.25568e-14  4.03185e-14
  3.80182e-14  3.56582e-14  3.32409e-14  3.07690e-14  2.82454e-14  2.56733e-14
  2.30559e-14  2.03967e-14  1.76995e-14  1.49682e-14  1.22072e-14  9.42115e-15
  6.61515e-15  3.79449e-15  9.64747e-16 -1.86818e-15 -4.69817e-15 -7.51888e-15
 -1.03239e-14 -1.31066e-14 -1.58606e-14 -1.85795e-14 -2.12567e-14 -2.38859e-14
 -2.64608e-14 -2.89756e-14 -3.14244e-14 -3.38019e-14 -3.61031e-14 -3.83230e-14
 -4.04570e-14 -4.25005e-14 -4.44496e-14 -4.63007e-14 -4.80506e-14 -4.96965e-14
 -5.12359e-14 -5.26665e-14 -5.39861e-14 -5.51930e-14 -5.62858e-14 -5.72636e-14
 -5.81258e-14 -5.88720e-14 -5.95019e-14 -6.00157e-14 -6.04135e-14 -6.06964e-14
 -6.08656e-14 -6.09228e-14 -6.08701e-14 -6.07097e-14 -6.04438e-14 -6.00750e-14
 -5.96061e-14 -5.90401e-14 -5.83803e-14 -5.76297e-14 -5.67912e-14 -5.58675e-14
 -5.48613e-14 -5.37753e-14 -5.26122e-14 -5.13749e-14 -5.00662e-14 -4.86889e-14
 -4.72456e-14 -4.57391e-14 -4.41723e-14 -4.25487e-14 -4.08715e-14 -3.91445e-14
 -3.73712e-14 -3.55551e-14 -3.37000e-14 -3.18101e-14 -2.98896e-14 -2.79433e-14
 -2.59759e-14 -2.39924e-14 -2.19976e-14 -1.99967e-14 -1.79949e-14 -1.59975e-14
 -1.40101e-14 -1.20382e-14 -1.00868e-14 -8.16098e-15 -6.26521e-15 -4.40391e-15
 -2.58129e-15 -8.01358e-16  9.32209e-16  2.61617e-15  4.24775e-15  5.82456e-15
  7.34447e-15  8.80554e-15  1.02060e-14  1.15443e-14  1.28190e-14  1.40290e-14
  1.51733e-14  1.62508e-14  1.72606e-14  1.82011e-14  1.90711e-14  1.98690e-14
  2.05933e-14  2.12424e-14  2.18147e-14  2.23085e-14  2.27223e-14  2.30546e-14
  2.33042e-14  2.34702e-14  2.35519e-14  2.35494e-14  2.34628e-14  2.32929e-14
  2.30408e-14  2.27080e-14  2.22965e-14  2.18085e-14  2.12466e-14  2.06135e-14
  1.99124e-14  1.91464e-14  1.83191e-14  1.74337e-14  1.64938e-14  1.55028e-14
  1.44642e-14  1.33811e-14  1.22570e-14  1.10950e-14  9.89802e-15  8.66887e-15
  7.41020e-15  6.12457e-15  4.81446e-15  3.48236e-15  2.13075e-15  7.62109e-16
 -6.20981e-16 -2.01584e-15 -3.41963e-15 -4.82933e-15 -6.24183e-15 -7.65394e-15
 -9.06244e-15 -1.04641e-14 -1.18557e-14 -1.32338e-14 -1.45954e-14 -1.59373e-14
 -1.72566e-14 -1.85507e-14 -1.98171e-14 -2.10537e-14 -2.22585e-14 -2.34293e-14
 -2.45645e-14 -2.56626e-14 -2.67224e-14 -2.77429e-14 -2.87234e-14 -2.96629e-14
 -3.05603e-14 -3.14147e-14 -3.22249e-14 -3.29899e-14 -3.37085e-14 -3.43798e-14
 -3.50026e-14 -3.55756e-14 -3.60977e-14 -3.65678e-14 -3.69851e-14 -3.73489e-14
 -3.76590e-14 -3.79152e-14 -3.81174e-14 -3.82659e-14 -3.83611e-14 -3.84037e-14
 -3.83949e-14 -3.83359e-14 -3.82279e-14 -3.80727e-14 -3.78716e-14 -3.76265e-14
 -3.73391e-14 -3.70112e-14 -3.66447e-14 -3.62410e-14 -3.58018e-14 -3.53283e-14
 -3.48219e-14 -3.42838e-14 -3.37152e-14 -3.31169e-14 -3.24898e-14 -3.18344e-14
 -3.11514e-14 -3.04415e-14 -2.97054e-14 -2.89440e-14 -2.81584e-14 -2.73494e-14
 -2.65185e-14 -2.56670e-14 -2.47967e-14 -2.39099e-14 -2.30089e-14 -2.20962e-14
 -2.11744e-14 -2.02463e-14 -1.93145e-14 -1.83818e-14 -1.74512e-14 -1.65253e-14
 -1.56066e-14 -1.46974e-14 -1.37996e-14 -1.29149e-14 -1.20446e-14 -1.11900e-14
 -1.03519e-14 -9.53126e-15 -8.72867e-15 -7.94465e-15 -7.17967e-15 -6.43418e-15
 -5.70875e-15 -5.00404e-15 -4.32083e-15 -3.66003e-15 -3.02263e-15 -2.40968e-15
 -1.82227e-15 -1.26152e-15 -7.28561e-16 -2.24541e-16  2.49454e-16  6.92394e-16
  1.10336e-15  1.48155e-15  1.82626e-15  2.13694e-15  2.41314e-15  2.65459e-15
  2.86121e-15  3.03311e-15  3.17065e-15  3.27435e-15  3.34491e-15  3.38322e-15
  3.39032e-15  3.36744e-15  3.31594e-15  3.23725e-15  3.13285e-15  3.00416e-15
  2.85260e-15  2.67953e-15  2.48625e-15  2.27403e-15  2.04398e-15  1.79706e-15
  1.53399e-15  1.25536e-15  9.61633e-16  6.53185e-16  3.30351e-16 -6.59865e-18
 -3.57447e-16 -7.22012e-16 -1.10010e-15 -1.49140e-15 -1.89548e-15 -2.31174e-15
 -2.73942e-15 -3.17768e-15 -3.62555e-15 -4.08194e-15 -4.54562e-15 -5.01522e-15
 -5.48927e-15 -5.96627e-15 -6.44468e-15 -6.92301e-15 -7.39975e-15 -7.87340e-15
 -8.34245e-15 -8.80550e-15 -9.26127e-15 -9.70862e-15 -1.01466e-14 -1.05744e-14
 -1.09914e-14 -1.13969e-14 -1.17907e-14 -1.21727e-14 -1.25430e-14 -1.29020e-14
 -1.32500e-14 -1.35873e-14 -1.39143e-14 -1.42313e-14 -1.45385e-14 -1.48361e-14
 -1.51240e-14 -1.54024e-14 -1.56707e-14 -1.59285e-14 -1.61752e-14 -1.64101e-14
 -1.66326e-14 -1.68421e-14 -1.70383e-14 -1.72207e-14 -1.73890e-14 -1.75430e-14
 -1.76825e-14 -1.78076e-14 -1.79186e-14 -1.80158e-14 -1.80995e-14 -1.81702e-14
 -1.82282e-14 -1.82738e-14 -1.83073e-14 -1.83292e-14 -1.83398e-14 -1.83394e-14
 -1.83282e-14 -1.83062e-14 -1.82737e-14 -1.82305e-14 -1.81768e-14 -1.81124e-14
 -1.80374e-14 -1.79518e-14 -1.78555e-14 -1.77487e-14 -1.76313e-14 -1.75035e-14
 -1.73655e-14 -1.72178e-14 -1.70605e-14 -1.68943e-14 -1.67196e-14 -1.65370e-14
 -1.63472e-14 -1.61509e-14 -1.59487e-14 -1.57413e-14 -1.55294e-14 -1.53136e-14
 -1.50945e-14 -1.48726e-14 -1.46484e-14 -1.44223e-14 -1.41945e-14 -1.39654e-14
 -1.37351e-14 -1.35037e-14 -1.32715e-14 -1.30385e-14 -1.28050e-14 -1.25710e-14
 -1.23369e-14 -1.21028e-14 -1.18691e-14 -1.16362e-14 -1.14046e-14 -1.11749e-14
 -1.09477e-14 -1.07238e-14 -1.05039e-14 -1.02887e-14 -1.00790e-14 -9.87560e-15
 -9.67920e-15 -9.49050e-15 -9.31009e-15 -9.13838e-15 -8.97567e-15 -8.82217e-15
 -8.67805e-15 -8.54340e-15 -8.41823e-15 -8.30245e-15 -8.19582e-15 -8.09806e-15
 -8.00884e-15 -7.92789e-15 -7.85498e-15 -7.78987e-15 -7.73225e-15 -7.68172e-15
 -7.63783e-15 -7.60016e-15 -7.56834e-15 -7.54212e-15 -7.52122e-15 -7.50538e-15
 -7.49421e-15 -7.48729e-15 -7.48417e-15 -7.48443e-15 -7.48770e-15 -7.49360e-15
 -7.50172e-15 -7.51157e-15 -7.52261e-15 -7.53425e-15 -7.54597e-15 -7.55729e-15
 -7.56776e-15 -7.57699e-15 -7.58460e-15 -7.59023e-15 -7.59361e-15 -7.59453e-15
 -7.59291e-15 -7.58879e-15 -7.58226e-15 -7.57353e-15 -7.56288e-15 -7.55066e-15
 -7.53728e-15 -7.52320e-15 -7.50887e-15 -7.49474e-15 -7.48123e-15 -7.46869e-15
 -7.45743e-15 -7.44766e-15 -7.43947e-15 -7.43287e-15 -7.42774e-15 -7.42388e-15
 -7.42106e-15 -7.41898e-15 -7.41734e-15 -7.41583e-15 -7.41415e-15 -7.41205e-15
 -7.40934e-15 -7.40593e-15 -7.40182e-15 -7.39709e-15 -7.39190e-15 -7.38645e-15
 -7.38102e-15 -7.37591e-15 -7.37144e-15 -7.36789e-15 -7.36556e-15 -7.36465e-15
 -7.36533e-15 -7.36771e-15 -7.37186e-15 -7.37777e-15 -7.38537e-15 -7.39449e-15
 -7.40492e-15 -7.41637e-15 -7.42855e-15 -7.44117e-15 -7.45394e-15 -7.46661e-15
 -7.47895e-15 -7.49076e-15 -7.50191e-15 -7.51235e-15 -7.52212e-15 -7.53139e-15
 -7.54042e-15 -7.54958e-15 -7.55932e-15 -7.57012e-15 -7.58250e-15 -7.59698e-15
 -7.61409e-15 -7.63433e-15 -7.65825e-15 -7.68634e-15 -7.71903e-15 -7.75666e-15
 -7.79947e-15 -7.84758e-15 -7.90107e-15 -7.95996e-15 -8.02423e-15 -8.09379e-15
 -8.16847e-15 -8.24801e-15 -8.33206e-15 -8.42028e-15 -8.51233e-15 -8.60790e-15
 -8.70674e-15 -8.80860e-15 -8.91323e-15 -9.02037e-15 -9.12985e-15 -9.24155e-15
 -9.35544e-15 -9.47153e-15 -9.58982e-15 -9.71025e-15 -9.83274e-15 -9.95716e-15
 -1.00834e-14 -1.02113e-14 -1.03407e-14 -1.04715e-14 -1.06034e-14 -1.07361e-14
 -1.08691e-14 -1.10023e-14 -1.11353e-14 -1.12680e-14 -1.14000e-14 -1.15313e-14
 -1.16614e-14 -1.17902e-14 -1.19174e-14 -1.20427e-14 -1.21658e-14 -1.22864e-14
 -1.24041e-14 -1.25185e-14 -1.26291e-14 -1.27354e-14 -1.28370e-14 -1.29331e-14
 -1.30233e-14 -1.31068e-14 -1.31830e-14 -1.32513e-14 -1.33111e-14 -1.33619e-14
 -1.34034e-14 -1.34350e-14 -1.34563e-14 -1.34671e-14 -1.34672e-14 -1.34565e-14
 -1.34354e-14 -1.34038e-14 -1.33623e-14 -1.33111e-14 -1.32509e-14 -1.31821e-14
 -1.31057e-14 -1.30223e-14 -1.29327e-14 -1.28375e-14 -1.27373e-14 -1.26325e-14
 -1.25237e-14 -1.24110e-14 -1.22947e-14 -1.21747e-14 -1.20510e-14 -1.19234e-14
 -1.17919e-14 -1.16564e-14 -1.15167e-14 -1.13728e-14 -1.12247e-14 -1.10724e-14
 -1.09162e-14 -1.07563e-14 -1.05932e-14 -1.04273e-14 -1.02592e-14 -1.00897e-14
 -9.91946e-15 -9.74922e-15 -9.57987e-15 -9.41237e-15 -9.24768e-15 -9.08673e-15
 -8.93043e-15 -8.77957e-15 -8.63489e-15 -8.49704e-15 -8.36659e-15 -8.24396e-15
 -8.12946e-15 -8.02322e-15 -7.92525e-15 -7.83546e-15 -7.75367e-15 -7.67968e-15
 -7.61326e-15 -7.55418e-15 -7.50224e-15 -7.45727e-15 -7.41914e-15 -7.38782e-15
 -7.36335e-15 -7.34583e-15 -7.33543e-15 -7.33233e-15 -7.33671e-15 -7.34874e-15
 -7.36860e-15 -7.39647e-15 -7.43247e-15 -7.47669e-15 -7.52912e-15 -7.58964e-15
 -7.65800e-15 -7.73387e-15 -7.81687e-15 -7.90650e-15 -8.00219e-15 -8.10325e-15
 -8.20888e-15 -8.31818e-15 -8.43022e-15 -8.54408e-15 -8.65890e-15 -8.77388e-15
 -8.88829e-15 -9.00146e-15 -9.11284e-15 -9.22196e-15 -9.32851e-15 -9.43232e-15
 -9.53334e-15 -9.63163e-15 -9.72727e-15 -9.82038e-15 -9.91106e-15 -9.99938e-15
 -1.00854e-14 -1.01691e-14 -1.02505e-14 -1.03293e-14 -1.04054e-14 -1.04786e-14
 -1.05484e-14 -1.06146e-14 -1.06766e-14 -1.07340e-14 -1.07864e-14 -1.08334e-14
 -1.08745e-14 -1.09096e-14 -1.09384e-14 -1.09605e-14 -1.09761e-14 -1.09850e-14
 -1.09874e-14 -1.09835e-14 -1.09737e-14 -1.09584e-14 -1.09383e-14 -1.09139e-14
 -1.08858e-14 -1.08547e-14 -1.08213e-14 -1.07861e-14 -1.07498e-14 -1.07129e-14
 -1.06757e-14 -1.06385e-14 -1.06016e-14 -1.05648e-14 -1.05283e-14 -1.04918e-14
 -1.04553e-14 -1.04187e-14 -1.03817e-14 -1.03441e-14 -1.03057e-14 -1.02664e-14
 -1.02261e-14 -1.01847e-14 -1.01423e-14 -9.85176e-15 -9.09449e-15 -7.94651e-15
 -6.52143e-15 -4.95888e-15 -3.41053e-15 -2.02511e-15 -9.33908e-16 -2.38240e-16
  0.00000e+00  0.00000e+00  0.00000e+00  0.00000e+00  0.00000e+00  0.00000e+00
  0.00000e+00  0.00000e+00  0.00000e+00  0.00000e+00  0.00000e+00  0.00000e+00
  0.00000e+00  0.00000e+00  0.00000e+00  0.00000e+00  0.00000e+00  0.00000e+00
  0.00000e+00  0.00000e+00  0.00000e+00  0.00000e+00  0.00000e+00  0.00000e+00
  0.00000e+00  0.00000e+00  0.00000e+00  0.00000e+00  0.00000e+00  0.00000e+00
  0.00000e+00  0.00000e+00  0.00000e+00  0.00000e+00  0.00000e+00  0.00000e+00
  0.00000e+00  0.00000e+00  0.00000e+00  0.00000e+00  0.00000e+00  0.00000e+00
  0.00000e+00  0.00000e+00  0.00000e+00  0.00000e+00  0.00000e+00  0.00000e+00
  0.00000e+00  0.00000e+00  0.00000e+00  0.00000e+00  0.00000e+00  0.00000e+00
  0.00000e+00  0.00000e+00  0.00000e+00  0.00000e+00  0.00000e+00  0.00000e+00
  0.00000e+00  0.00000e+00  0.00000e+00  0.00000e+00  0.00000e+00  0.00000e+00
  0.00000e+00  0.00000e+00  0.00000e+00  0.00000e+00  0.00000e+00  0.00000e+00
  0.00000e+00  0.00000e+00  0.00000e+00  0.00000e+00  0.00000e+00  0.00000e+00
  0.00000e+00  0.00000e+00  0.00000e+00  0.00000e+00  0.00000e+00  0.00000e+00
  0.00000e+00  0.00000e+00  0.00000e+00  0.00000e+00  0.00000e+00  0.00000e+00
  0.00000e+00  0.00000e+00  0.00000e+00  0.00000e+00  0.00000e+00  0.00000e+00
  0.00000e+00  0.00000e+00  0.00000e+00  0.00000e+00  0.00000e+00  0.00000e+00
  0.00000e+00  0.00000e+00  0.00000e+00  0.00000e+00  0.00000e+00  0.00000e+00
  0.00000e+00  0.00000e+00  0.00000e+00  0.00000e+00  0.00000e+00  0.00000e+00
  0.00000e+00  0.00000e+00  0.00000e+00  0.00000e+00  0.00000e+00  0.00000e+00
  0.00000e+00  0.00000e+00  0.00000e+00  0.00000e+00  0.00000e+00  0.00000e+00
  0.00000e+00  0.00000e+00  0.00000e+00  0.00000e+00  0.00000e+00  0.00000e+00
  0.00000e+00  0.00000e+00  0.00000e+00  0.00000e+00  0.00000e+00  0.00000e+00
  0.00000e+00  0.00000e+00  0.00000e+00  0.00000e+00  0.00000e+00  0.00000e+00
  0.00000e+00  0.00000e+00  0.00000e+00  0.00000e+00  0.00000e+00  0.00000e+00
  0.00000e+00  0.00000e+00  0.00000e+00  0.00000e+00  0.00000e+00  0.00000e+00
  0.00000e+00  0.00000e+00  0.00000e+00  0.00000e+00  0.00000e+00  0.00000e+00
  0.00000e+00  0.00000e+00  0.00000e+00  0.00000e+00  0.00000e+00  0.00000e+00
  0.00000e+00  0.00000e+00  0.00000e+00  0.00000e+00  0.00000e+00  0.00000e+00
  0.00000e+00  0.00000e+00  0.00000e+00  0.00000e+00  0.00000e+00  0.00000e+00
  0.00000e+00  0.00000e+00  0.00000e+00  0.00000e+00  0.00000e+00  0.00000e+00
  0.00000e+00  0.00000e+00  0.00000e+00  0.00000e+00  0.00000e+00  0.00000e+00
  0.00000e+00  0.00000e+00  0.00000e+00  0.00000e+00  0.00000e+00  0.00000e+00
  0.00000e+00  0.00000e+00  0.00000e+00  0.00000e+00  0.00000e+00  0.00000e+00
  0.00000e+00  0.00000e+00  0.00000e+00  0.00000e+00  0.00000e+00  0.00000e+00
  0.00000e+00  0.00000e+00  0.00000e+00  0.00000e+00  0.00000e+00  0.00000e+00
  0.00000e+00  0.00000e+00  0.00000e+00  0.00000e+00  0.00000e+00  0.00000e+00
  0.00000e+00  0.00000e+00  0.00000e+00  0.00000e+00  0.00000e+00  0.00000e+00
  0.00000e+00  0.00000e+00  0.00000e+00  0.00000e+00  0.00000e+00  0.00000e+00
  0.00000e+00  0.00000e+00  0.00000e+00  0.00000e+00  0.00000e+00  0.00000e+00
  0.00000e+00  0.00000e+00  0.00000e+00  0.00000e+00  0.00000e+00  0.00000e+00
  0.00000e+00  0.00000e+00  0.00000e+00  0.00000e+00  0.00000e+00  0.00000e+00
  0.00000e+00  0.00000e+00  0.00000e+00  0.00000e+00  0.00000e+00  0.00000e+00
  0.00000e+00  0.00000e+00  0.00000e+00  0.00000e+00  0.00000e+00  0.00000e+00
  0.00000e+00  0.00000e+00  0.00000e+00  0.00000e+00  0.00000e+00  0.00000e+00
  0.00000e+00  0.00000e+00  0.00000e+00  0.00000e+00  0.00000e+00  0.00000e+00
  0.00000e+00  0.00000e+00  0.00000e+00  0.00000e+00  0.00000e+00  0.00000e+00
  0.00000e+00  0.00000e+00  0.00000e+00  0.00000e+00  0.00000e+00  0.00000e+00
  0.00000e+00  0.00000e+00  0.00000e+00  0.00000e+00  0.00000e+00  0.00000e+00
  0.00000e+00  0.00000e+00  0.00000e+00  0.00000e+00  0.00000e+00  0.00000e+00
  0.00000e+00  0.00000e+00  0.00000e+00  0.00000e+00  0.00000e+00  0.00000e+00
  0.00000e+00  0.00000e+00  0.00000e+00  0.00000e+00  0.00000e+00  0.00000e+00
  0.00000e+00  0.00000e+00  0.00000e+00  0.00000e+00  0.00000e+00  0.00000e+00
  0.00000e+00  0.00000e+00  0.00000e+00  0.00000e+00  0.00000e+00  0.00000e+00
  0.00000e+00  0.00000e+00  0.00000e+00  0.00000e+00  0.00000e+00  0.00000e+00
  0.00000e+00  0.00000e+00  0.00000e+00  0.00000e+00  0.00000e+00  0.00000e+00
  0.00000e+00  0.00000e+00  0.00000e+00  0.00000e+00  0.00000e+00  0.00000e+00
  0.00000e+00  0.00000e+00  0.00000e+00  0.00000e+00  0.00000e+00  0.00000e+00
  0.00000e+00  0.00000e+00  0.00000e+00  0.00000e+00  0.00000e+00  0.00000e+00
  0.00000e+00  0.00000e+00  0.00000e+00  0.00000e+00  0.00000e+00  0.00000e+00
  0.00000e+00  0.00000e+00  0.00000e+00  0.00000e+00  0.00000e+00  0.00000e+00
  0.00000e+00  0.00000e+00  0.00000e+00  0.00000e+00  0.00000e+00  0.00000e+00
  0.00000e+00  0.00000e+00
