AZ_TRO-fx cos
6000 0.005000 0 0 0.0 0.0 0.0 0.0
 -0.00000e+00 -4.32394e-08 -1.80355e-07 -4.22423e-07 -7.80462e-07 -1.26539e-06
 -1.88797e-06 -2.65880e-06 -3.58821e-06 -4.68626e-06 -5.96270e-06 -7.42687e-06
 -9.08769e-06 -1.09536e-05 -1.30326e-05 -1.53319e-05 -1.78583e-05 -2.06178e-05
 -2.36157e-05 -2.68565e-05 -3.03440e-05 -3.40809e-05 -3.80690e-05 -4.23094e-05
 -4.68018e-05 -5.15451e-05 -5.65369e-05 -6.17737e-05 -6.72509e-05 -7.29624e-05
 -7.89011e-05 -8.50583e-05 -9.14242e-05 -9.79874e-05 -1.04735e-04 -1.11653e-04
 -1.18726e-04 -1.25936e-04 -1.33265e-04 -1.40692e-04 -1.48196e-04 -1.55753e-04
 -1.63338e-04 -1.70925e-04 -1.78485e-04 -1.85989e-04 -1.93406e-04 -2.00701e-04
 -2.07842e-04 -2.14792e-04 -2.21514e-04 -2.27969e-04 -2.34116e-04 -2.39914e-04
 -2.45319e-04 -2.50288e-04 -2.54774e-04 -2.58732e-04 -2.62111e-04 -2.64865e-04
 -2.66942e-04 -2.68292e-04 -2.68863e-04 -2.68602e-04 -2.67456e-04 -2.65371e-04
 -2.62293e-04 -2.58168e-04 -2.52940e-04 -2.46555e-04 -2.38958e-04 -2.30093e-04
 -2.19906e-04 -2.08343e-04 -1.95349e-04 -1.80873e-04 -1.64860e-04 -1.47261e-04
 -1.28024e-04 -1.07101e-04 -8.44429e-05 -6.00043e-05 -3.37404e-05 -5.60861e-06
  2.44319e-05  5.64196e-05  9.03906e-05  1.26379e-04  1.64415e-04  2.04528e-04
  2.46742e-04  2.91080e-04  3.37561e-04  3.86199e-04  4.37006e-04  4.89991e-04
  5.45157e-04  6.02504e-04  6.62027e-04  7.23718e-04  7.87564e-04  8.53547e-04
  9.21643e-04  9.91825e-04  1.06406e-03  1.13831e-03  1.21454e-03  1.29269e-03
  1.37270e-03  1.45453e-03  1.53811e-03  1.62336e-03  1.71021e-03  1.79858e-03
  1.88838e-03  1.97951e-03  2.07188e-03  2.16538e-03  2.25990e-03  2.35533e-03
  2.45153e-03  2.54838e-03  2.64575e-03  2.74350e-03  2.84148e-03  2.93953e-03
  3.03752e-03  3.13526e-03  3.23260e-03  3.32936e-03  3.42537e-03  3.52045e-03
  3.61440e-03  3.70704e-03  3.79818e-03  3.88762e-03  3.97515e-03  4.06057e-03
  4.14367e-03  4.22425e-03  4.30208e-03  4.37695e-03  4.44864e-03  4.51694e-03
  4.58163e-03  4.64247e-03  4.69925e-03  4.75175e-03  4.79975e-03  4.84301e-03
  4.88133e-03  4.91448e-03  4.94224e-03  4.96440e-03  4.98075e-03  4.99108e-03
  4.99517e-03  4.99283e-03  4.98386e-03  4.96807e-03  4.94526e-03  4.91526e-03
  4.87789e-03  4.83298e-03  4.78037e-03  4.71990e-03  4.65143e-03  4.57482e-03
  4.48994e-03  4.39667e-03  4.29490e-03  4.18453e-03  4.06547e-03  3.93764e-03
  3.80098e-03  3.65543e-03  3.50095e-03  3.33751e-03  3.16509e-03  2.98369e-03
  2.79331e-03  2.59399e-03  2.38575e-03  2.16866e-03  1.94276e-03  1.70816e-03
  1.46494e-03  1.21322e-03  9.53116e-04  6.84779e-04  4.08366e-04  1.24049e-04
 -1.67982e-04 -4.67521e-04 -7.74348e-04 -1.08823e-03 -1.40890e-03 -1.73611e-03
 -2.06957e-03 -2.40897e-03 -2.75401e-03 -3.10455e-03 -3.46053e-03 -3.82172e-03
 -4.18788e-03 -4.55878e-03 -4.93416e-03 -5.31375e-03 -5.69728e-03 -6.08446e-03
 -6.47499e-03 -6.86857e-03 -7.26487e-03 -7.66357e-03 -8.06433e-03 -8.46679e-03
 -8.87061e-03 -9.27540e-03 -9.68078e-03 -1.00864e-02 -1.04918e-02 -1.08966e-02
 -1.13004e-02 -1.17027e-02 -1.21032e-02 -1.25013e-02 -1.28966e-02 -1.32887e-02
 -1.36771e-02 -1.40613e-02 -1.44408e-02 -1.48152e-02 -1.51839e-02 -1.55464e-02
 -1.59022e-02 -1.62508e-02 -1.65917e-02 -1.69244e-02 -1.72482e-02 -1.75628e-02
 -1.78675e-02 -1.81617e-02 -1.84451e-02 -1.87169e-02 -1.89767e-02 -1.92239e-02
 -1.94579e-02 -1.96783e-02 -1.98844e-02 -2.00757e-02 -2.02516e-02 -2.04116e-02
 -2.05552e-02 -2.06817e-02 -2.07908e-02 -2.08818e-02 -2.09542e-02 -2.10074e-02
 -2.10411e-02 -2.10546e-02 -2.10474e-02 -2.10192e-02 -2.09693e-02 -2.08973e-02
 -2.08027e-02 -2.06852e-02 -2.05441e-02 -2.03793e-02 -2.01901e-02 -1.99762e-02
 -1.97373e-02 -1.94729e-02 -1.91827e-02 -1.88663e-02 -1.85236e-02 -1.81540e-02
 -1.77575e-02 -1.73337e-02 -1.68823e-02 -1.64032e-02 -1.58962e-02 -1.53610e-02
 -1.47977e-02 -1.42059e-02 -1.35857e-02 -1.29369e-02 -1.22596e-02 -1.15537e-02
 -1.08192e-02 -1.00562e-02 -9.26471e-03 -8.44486e-03 -7.59678e-03 -6.72064e-03
 -5.81663e-03 -4.88499e-03 -3.92597e-03 -2.93987e-03 -1.92703e-03 -8.87809e-04
  1.77392e-04  1.26813e-03  2.38394e-03  3.52431e-03  4.68869e-03  5.87650e-03
  7.08711e-03  8.31986e-03  9.57406e-03  1.08490e-02  1.21438e-02  1.34578e-02
  1.47900e-02  1.61396e-02  1.75056e-02  1.88871e-02  2.02830e-02  2.16924e-02
  2.31140e-02  2.45469e-02  2.59898e-02  2.74415e-02  2.89007e-02  3.03663e-02
  3.18368e-02  3.33110e-02  3.47874e-02  3.62645e-02  3.77410e-02  3.92154e-02
  4.06860e-02  4.21513e-02  4.36098e-02  4.50598e-02  4.64996e-02  4.79275e-02
  4.93419e-02  5.07409e-02  5.21228e-02  5.34857e-02  5.48279e-02  5.61475e-02
  5.74425e-02  5.87112e-02  5.99516e-02  6.11617e-02  6.23396e-02  6.34833e-02
  6.45908e-02  6.56602e-02  6.66894e-02  6.76765e-02  6.86193e-02  6.95159e-02
  7.03642e-02  7.11622e-02  7.19079e-02  7.25992e-02  7.32342e-02  7.38108e-02
  7.43269e-02  7.47807e-02  7.51700e-02  7.54931e-02  7.57478e-02  7.59323e-02
  7.60447e-02  7.60831e-02  7.60457e-02  7.59306e-02  7.57361e-02  7.54604e-02
  7.51018e-02  7.46586e-02  7.41293e-02  7.35122e-02  7.28058e-02  7.20087e-02
  7.11194e-02  7.01366e-02  6.90590e-02  6.78853e-02  6.66145e-02  6.52453e-02
  6.37767e-02  6.22079e-02  6.05379e-02  5.87660e-02  5.68914e-02  5.49136e-02
  5.28319e-02  5.06460e-02  4.83556e-02  4.59602e-02  4.34599e-02  4.08546e-02
  3.81443e-02  3.53293e-02  3.24097e-02  2.93860e-02  2.62586e-02  2.30283e-02
  1.96958e-02  1.62619e-02  1.27276e-02  9.09409e-03  5.36257e-03  1.53442e-03
 -2.38883e-03 -6.40554e-03 -1.05139e-02 -1.47121e-02 -1.89979e-02 -2.33692e-02
 -2.78236e-02 -3.23587e-02 -3.69718e-02 -4.16601e-02 -4.64207e-02 -5.12505e-02
 -5.61463e-02 -6.11048e-02 -6.61223e-02 -7.11952e-02 -7.63198e-02 -8.14920e-02
 -8.67077e-02 -9.19626e-02 -9.72523e-02 -1.02572e-01 -1.07918e-01 -1.13284e-01
 -1.18665e-01 -1.24058e-01 -1.29455e-01 -1.34852e-01 -1.40243e-01 -1.45623e-01
 -1.50985e-01 -1.56323e-01 -1.61633e-01 -1.66906e-01 -1.72137e-01 -1.77319e-01
 -1.82446e-01 -1.87511e-01 -1.92507e-01 -1.97426e-01 -2.02263e-01 -2.07010e-01
 -2.11659e-01 -2.16203e-01 -2.20635e-01 -2.24947e-01 -2.29132e-01 -2.33181e-01
 -2.37087e-01 -2.40843e-01 -2.44440e-01 -2.47870e-01 -2.51125e-01 -2.54198e-01
 -2.57080e-01 -2.59764e-01 -2.62240e-01 -2.64501e-01 -2.66539e-01 -2.68346e-01
 -2.69913e-01 -2.71233e-01 -2.72297e-01 -2.73097e-01 -2.73626e-01 -2.73875e-01
 -2.73836e-01 -2.73502e-01 -2.72865e-01 -2.71917e-01 -2.70651e-01 -2.69058e-01
 -2.67132e-01 -2.64866e-01 -2.62251e-01 -2.59282e-01 -2.55952e-01 -2.52253e-01
 -2.48178e-01 -2.43723e-01 -2.38880e-01 -2.33644e-01 -2.28008e-01 -2.21967e-01
 -2.15516e-01 -2.08649e-01 -2.01362e-01 -1.93650e-01 -1.85508e-01 -1.76933e-01
 -1.67920e-01 -1.58466e-01 -1.48567e-01 -1.38221e-01 -1.27425e-01 -1.16177e-01
 -1.04473e-01 -9.23134e-02 -7.96959e-02 -6.66197e-02 -5.30840e-02 -3.90886e-02
 -2.46335e-02 -9.71913e-03  5.65367e-03  2.14837e-02  3.77693e-02  5.45085e-02
  7.16989e-02  8.93376e-02  1.07421e-01  1.25946e-01  1.44909e-01  1.64304e-01
  1.84127e-01  2.04372e-01  2.25033e-01  2.46105e-01  2.67580e-01  2.89451e-01
  3.11711e-01  3.34351e-01  3.57363e-01  3.80737e-01  4.04466e-01  4.28537e-01
  4.52942e-01  4.77669e-01  5.02707e-01  5.28044e-01  5.53669e-01  5.79569e-01
  6.05730e-01  6.32140e-01  6.58784e-01  6.85649e-01  7.12720e-01  7.39981e-01
  7.67418e-01  7.95015e-01  8.22756e-01  8.50623e-01  8.78601e-01  9.06672e-01
  9.34819e-01  9.63024e-01  9.91269e-01  1.01954e+00  1.04781e+00  1.07606e+00
  1.10428e+00  1.13244e+00  1.16053e+00  1.18853e+00  1.21642e+00  1.24417e+00
  1.27176e+00  1.29919e+00  1.32642e+00  1.35343e+00  1.38022e+00  1.40674e+00
  1.43299e+00  1.45894e+00  1.48458e+00  1.50988e+00  1.53482e+00  1.55939e+00
  1.58356e+00  1.60731e+00  1.63062e+00  1.65348e+00  1.67586e+00  1.69774e+00
  1.71911e+00  1.73995e+00  1.76024e+00  1.77996e+00  1.79910e+00  1.81763e+00
  1.83555e+00  1.85283e+00  1.86945e+00  1.88542e+00  1.90070e+00  1.91528e+00
  1.92916e+00  1.94232e+00  1.95475e+00  1.96643e+00  1.97735e+00  1.98751e+00
  1.99689e+00  2.00548e+00  2.01329e+00  2.02029e+00  2.02648e+00  2.03186e+00
  2.03642e+00  2.04016e+00  2.04307e+00  2.04515e+00  2.04640e+00  2.04682e+00
  2.04640e+00  2.04515e+00  2.04307e+00  2.04016e+00  2.03642e+00  2.03186e+00
  2.02648e+00  2.02029e+00  2.01329e+00  2.00548e+00  1.99689e+00  1.98751e+00
  1.97735e+00  1.96643e+00  1.95475e+00  1.94232e+00  1.92916e+00  1.91528e+00
  1.90070e+00  1.88542e+00  1.86945e+00  1.85283e+00  1.83555e+00  1.81763e+00
  1.79910e+00  1.77996e+00  1.76024e+00  1.73995e+00  1.71911e+00  1.69774e+00
  1.67586e+00  1.65348e+00  1.63062e+00  1.60731e+00  1.58356e+00  1.55939e+00
  1.53482e+00  1.50988e+00  1.48458e+00  1.45894e+00  1.43299e+00  1.40674e+00
  1.38021e+00  1.35343e+00  1.32642e+00  1.29919e+00  1.27176e+00  1.24416e+00
  1.21641e+00  1.18853e+00  1.16053e+00  1.13244e+00  1.10428e+00  1.07606e+00
  1.04780e+00  1.01953e+00  9.91267e-01  9.63022e-01  9.34817e-01  9.06670e-01
  8.78599e-01  8.50621e-01  8.22753e-01  7.95013e-01  7.67416e-01  7.39979e-01
  7.12717e-01  6.85647e-01  6.58782e-01  6.32137e-01  6.05728e-01  5.79566e-01
  5.53667e-01  5.28042e-01  5.02705e-01  4.77666e-01  4.52939e-01  4.28535e-01
  4.04463e-01  3.80735e-01  3.57361e-01  3.34349e-01  3.11709e-01  2.89449e-01
  2.67578e-01  2.46103e-01  2.25031e-01  2.04370e-01  1.84125e-01  1.64302e-01
  1.44907e-01  1.25945e-01  1.07420e-01  8.93358e-02  7.16971e-02  5.45068e-02
  3.77676e-02  2.14820e-02  5.65205e-03 -9.72072e-03 -2.46351e-02 -3.90901e-02
 -5.30855e-02 -6.66212e-02 -7.96974e-02 -9.23148e-02 -1.04474e-01 -1.16178e-01
 -1.27427e-01 -1.38223e-01 -1.48569e-01 -1.58467e-01 -1.67921e-01 -1.76934e-01
 -1.85510e-01 -1.93651e-01 -2.01363e-01 -2.08650e-01 -2.15517e-01 -2.21968e-01
 -2.28009e-01 -2.33645e-01 -2.38881e-01 -2.43724e-01 -2.48179e-01 -2.52253e-01
 -2.55952e-01 -2.59283e-01 -2.62252e-01 -2.64866e-01 -2.67133e-01 -2.69059e-01
 -2.70651e-01 -2.71917e-01 -2.72865e-01 -2.73503e-01 -2.73837e-01 -2.73875e-01
 -2.73626e-01 -2.73097e-01 -2.72297e-01 -2.71233e-01 -2.69913e-01 -2.68346e-01
 -2.66539e-01 -2.64501e-01 -2.62240e-01 -2.59764e-01 -2.57080e-01 -2.54198e-01
 -2.51125e-01 -2.47870e-01 -2.44440e-01 -2.40843e-01 -2.37087e-01 -2.33181e-01
 -2.29132e-01 -2.24947e-01 -2.20635e-01 -2.16203e-01 -2.11659e-01 -2.07010e-01
 -2.02263e-01 -1.97426e-01 -1.92506e-01 -1.87511e-01 -1.82446e-01 -1.77319e-01
 -1.72137e-01 -1.66905e-01 -1.61632e-01 -1.56323e-01 -1.50984e-01 -1.45622e-01
 -1.40243e-01 -1.34852e-01 -1.29454e-01 -1.24057e-01 -1.18665e-01 -1.13283e-01
 -1.07917e-01 -1.02572e-01 -9.72518e-02 -9.19621e-02 -8.67072e-02 -8.14915e-02
 -7.63193e-02 -7.11948e-02 -6.61218e-02 -6.11043e-02 -5.61458e-02 -5.12500e-02
 -4.64202e-02 -4.16595e-02 -3.69712e-02 -3.23581e-02 -2.78231e-02 -2.33686e-02
 -1.89973e-02 -1.47115e-02 -1.05134e-02 -6.40500e-03 -2.38829e-03  1.53497e-03
  5.36312e-03  9.09464e-03  1.27282e-02  1.62624e-02  1.96964e-02  2.30289e-02
  2.62592e-02  2.93865e-02  3.24102e-02  3.53298e-02  3.81449e-02  4.08552e-02
  4.34605e-02  4.59608e-02  4.83561e-02  5.06466e-02  5.28325e-02  5.49141e-02
  5.68920e-02  5.87666e-02  6.05385e-02  6.22085e-02  6.37773e-02  6.52458e-02
  6.66150e-02  6.78859e-02  6.90595e-02  7.01371e-02  7.11199e-02  7.20092e-02
  7.28063e-02  7.35127e-02  7.41297e-02  7.46591e-02  7.51022e-02  7.54608e-02
  7.57365e-02  7.59310e-02  7.60461e-02  7.60835e-02  7.60451e-02  7.59327e-02
  7.57482e-02  7.54934e-02  7.51704e-02  7.47810e-02  7.43273e-02  7.38111e-02
  7.32345e-02  7.25996e-02  7.19082e-02  7.11625e-02  7.03645e-02  6.95162e-02
  6.86196e-02  6.76767e-02  6.66897e-02  6.56605e-02  6.45911e-02  6.34835e-02
  6.23398e-02  6.11619e-02  5.99518e-02  5.87114e-02  5.74427e-02  5.61477e-02
  5.48281e-02  5.34859e-02  5.21229e-02  5.07411e-02  4.93421e-02  4.79277e-02
  4.64998e-02  4.50599e-02  4.36100e-02  4.21515e-02  4.06861e-02  3.92155e-02
  3.77412e-02  3.62647e-02  3.47875e-02  3.33111e-02  3.18369e-02  3.03664e-02
  2.89008e-02  2.74416e-02  2.59899e-02  2.45470e-02  2.31141e-02  2.16924e-02
  2.02831e-02  1.88871e-02  1.75056e-02  1.61396e-02  1.47900e-02  1.34578e-02
  1.21438e-02  1.08490e-02  9.57410e-03  8.31990e-03  7.08714e-03  5.87652e-03
  4.68872e-03  3.52433e-03  2.38396e-03  1.26815e-03  1.77402e-04 -8.87802e-04
 -1.92703e-03 -2.93987e-03 -3.92597e-03 -4.88499e-03 -5.81664e-03 -6.72065e-03
 -7.59679e-03 -8.44487e-03 -9.26472e-03 -1.00562e-02 -1.08192e-02 -1.15537e-02
 -1.22596e-02 -1.29370e-02 -1.35857e-02 -1.42059e-02 -1.47977e-02 -1.53611e-02
 -1.58962e-02 -1.64032e-02 -1.68823e-02 -1.73337e-02 -1.77575e-02 -1.81541e-02
 -1.85236e-02 -1.88664e-02 -1.91827e-02 -1.94729e-02 -1.97373e-02 -1.99762e-02
 -2.01901e-02 -2.03793e-02 -2.05442e-02 -2.06852e-02 -2.08027e-02 -2.08973e-02
 -2.09693e-02 -2.10192e-02 -2.10475e-02 -2.10546e-02 -2.10411e-02 -2.10075e-02
 -2.09542e-02 -2.08818e-02 -2.07908e-02 -2.06818e-02 -2.05552e-02 -2.04116e-02
 -2.02516e-02 -2.00757e-02 -1.98844e-02 -1.96783e-02 -1.94580e-02 -1.92239e-02
 -1.89767e-02 -1.87169e-02 -1.84451e-02 -1.81618e-02 -1.78675e-02 -1.75628e-02
 -1.72483e-02 -1.69244e-02 -1.65917e-02 -1.62508e-02 -1.59022e-02 -1.55464e-02
 -1.51839e-02 -1.48152e-02 -1.44408e-02 -1.40613e-02 -1.36771e-02 -1.32887e-02
 -1.28966e-02 -1.25013e-02 -1.21032e-02 -1.17027e-02 -1.13004e-02 -1.08966e-02
 -1.04918e-02 -1.00864e-02 -9.68080e-03 -9.27541e-03 -8.87062e-03 -8.46681e-03
 -8.06435e-03 -7.66359e-03 -7.26489e-03 -6.86859e-03 -6.47501e-03 -6.08448e-03
 -5.69730e-03 -5.31377e-03 -4.93417e-03 -4.55879e-03 -4.18790e-03 -3.82173e-03
 -3.46054e-03 -3.10457e-03 -2.75403e-03 -2.40913e-03 -2.07009e-03 -1.73709e-03
 -1.41031e-03 -1.08992e-03 -7.76080e-04 -4.68947e-04 -1.68656e-04  1.24662e-04
  4.10886e-04  6.89907e-04  9.61624e-04  1.22595e-03  1.48279e-03  1.73208e-03
  1.97376e-03  2.20777e-03  2.43407e-03  2.65262e-03  2.86338e-03  3.06635e-03
  3.26150e-03  3.44883e-03  3.62835e-03  3.80006e-03  3.96399e-03  4.12015e-03
  4.26859e-03  4.40934e-03  4.54244e-03  4.66795e-03  4.78593e-03  4.89644e-03
  4.99954e-03  5.09532e-03  5.18386e-03  5.26524e-03  5.33955e-03  5.40688e-03
  5.46735e-03  5.52104e-03  5.56808e-03  5.60857e-03  5.64263e-03  5.67037e-03
  5.69193e-03  5.70742e-03  5.71698e-03  5.72074e-03  5.71884e-03  5.71140e-03
  5.69856e-03  5.68048e-03  5.65728e-03  5.62912e-03  5.59614e-03  5.55849e-03
  5.51631e-03  5.46975e-03  5.41897e-03  5.36411e-03  5.30532e-03  5.24275e-03
  5.17656e-03  5.10690e-03  5.03390e-03  4.95774e-03  4.87855e-03  4.79648e-03
  4.71169e-03  4.62431e-03  4.53451e-03  4.44241e-03  4.34817e-03  4.25193e-03
  4.15383e-03  4.05401e-03  3.95261e-03  3.84976e-03  3.74561e-03  3.64027e-03
  3.53389e-03  3.42659e-03  3.31850e-03  3.20974e-03  3.10043e-03  2.99070e-03
  2.88065e-03  2.77042e-03  2.66010e-03  2.54981e-03  2.43965e-03  2.32973e-03
  2.22015e-03  2.11101e-03  2.00240e-03  1.89442e-03  1.78716e-03  1.68070e-03
  1.57514e-03  1.47054e-03  1.36700e-03  1.26458e-03  1.16337e-03  1.06342e-03
  9.64817e-04  8.67611e-04  7.71869e-04  6.77649e-04  5.85007e-04  4.93995e-04
  4.04664e-04  3.17060e-04  2.31229e-04  1.47212e-04  6.50467e-05 -1.52296e-05
 -9.35837e-05 -1.69985e-04 -2.44405e-04 -3.16819e-04 -3.87203e-04 -4.55538e-04
 -5.21805e-04 -5.85988e-04 -6.48075e-04 -7.08056e-04 -7.65920e-04 -8.21663e-04
 -8.75280e-04 -9.26770e-04 -9.76132e-04 -1.02337e-03 -1.06849e-03 -1.11149e-03
 -1.15239e-03 -1.19119e-03 -1.22791e-03 -1.26256e-03 -1.29515e-03 -1.32571e-03
 -1.35425e-03 -1.38079e-03 -1.40535e-03 -1.42796e-03 -1.44864e-03 -1.46741e-03
 -1.48431e-03 -1.49936e-03 -1.51259e-03 -1.52403e-03 -1.53371e-03 -1.54167e-03
 -1.54793e-03 -1.55253e-03 -1.55552e-03 -1.55691e-03 -1.55675e-03 -1.55508e-03
 -1.55193e-03 -1.54734e-03 -1.54135e-03 -1.53401e-03 -1.52534e-03 -1.51538e-03
 -1.50419e-03 -1.49180e-03 -1.47824e-03 -1.46357e-03 -1.44781e-03 -1.43102e-03
 -1.41324e-03 -1.39449e-03 -1.37484e-03 -1.35430e-03 -1.33294e-03 -1.31078e-03
 -1.28787e-03 -1.26425e-03 -1.23996e-03 -1.21504e-03 -1.18952e-03 -1.16345e-03
 -1.13686e-03 -1.10980e-03 -1.08230e-03 -1.05439e-03 -1.02612e-03 -9.97521e-04
 -9.68628e-04 -9.39477e-04 -9.10103e-04 -8.80538e-04 -8.50817e-04 -8.20973e-04
 -7.91036e-04 -7.61040e-04 -7.31014e-04 -7.00988e-04 -6.70992e-04 -6.41054e-04
 -6.11203e-04 -5.81464e-04 -5.51865e-04 -5.22430e-04 -4.93186e-04 -4.64155e-04
 -4.35361e-04 -4.06827e-04 -3.78573e-04 -3.50622e-04 -3.22993e-04 -2.95705e-04
 -2.68777e-04 -2.42226e-04 -2.16070e-04 -1.90325e-04 -1.65005e-04 -1.40127e-04
 -1.15702e-04 -9.17448e-05 -6.82673e-05 -4.52809e-05 -2.27964e-05 -8.23727e-07
  2.06278e-05  4.15496e-05  6.19339e-05  8.17735e-05  1.01062e-04  1.19794e-04
  1.37964e-04  1.55568e-04  1.72602e-04  1.89063e-04  2.04949e-04  2.20257e-04
  2.34987e-04  2.49138e-04  2.62710e-04  2.75704e-04  2.88119e-04  2.99959e-04
  3.11226e-04  3.21921e-04  3.32048e-04  3.41610e-04  3.50613e-04  3.59059e-04
  3.66955e-04  3.74306e-04  3.81116e-04  3.87394e-04  3.93144e-04  3.98375e-04
  4.03093e-04  4.07305e-04  4.11021e-04  4.14247e-04  4.16993e-04  4.19267e-04
  4.21078e-04  4.22435e-04  4.23348e-04  4.23827e-04  4.23881e-04  4.23520e-04
  4.22755e-04  4.21596e-04  4.20053e-04  4.18138e-04  4.15860e-04  4.13230e-04
  4.10261e-04  4.06961e-04  4.03343e-04  3.99418e-04  3.95197e-04  3.90690e-04
  3.85910e-04  3.80866e-04  3.75571e-04  3.70036e-04  3.64272e-04  3.58289e-04
  3.52098e-04  3.45712e-04  3.39140e-04  3.32394e-04  3.25483e-04  3.18420e-04
  3.11213e-04  3.03875e-04  2.96414e-04  2.88842e-04  2.81167e-04  2.73401e-04
  2.65553e-04  2.57632e-04  2.49649e-04  2.41611e-04  2.33529e-04  2.25411e-04
  2.17266e-04  2.09103e-04  2.00929e-04  1.92754e-04  1.84585e-04  1.76430e-04
  1.68297e-04  1.60193e-04  1.52126e-04  1.44101e-04  1.36127e-04  1.28209e-04
  1.20355e-04  1.12569e-04  1.04859e-04  9.72297e-05  8.96868e-05  8.22357e-05
  7.48814e-05  6.76287e-05  6.04824e-05  5.34469e-05  4.65264e-05  3.97249e-05
  3.30463e-05  2.64940e-05  2.00716e-05  1.37822e-05  7.62877e-06  1.61407e-06
 -4.25933e-06 -9.98905e-06 -1.55729e-05 -2.10089e-05 -2.62954e-05 -3.14306e-05
 -3.64131e-05 -4.12418e-05 -4.59155e-05 -5.04335e-05 -5.47949e-05 -5.89993e-05
 -6.30463e-05 -6.69357e-05 -7.06674e-05 -7.42416e-05 -7.76584e-05 -8.09184e-05
 -8.40220e-05 -8.69699e-05 -8.97630e-05 -9.24023e-05 -9.48887e-05 -9.72235e-05
 -9.94080e-05 -1.01444e-04 -1.03332e-04 -1.05075e-04 -1.06674e-04 -1.08131e-04
 -1.09448e-04 -1.10627e-04 -1.11670e-04 -1.12579e-04 -1.13357e-04 -1.14006e-04
 -1.14528e-04 -1.14926e-04 -1.15203e-04 -1.15361e-04 -1.15402e-04 -1.15330e-04
 -1.15147e-04 -1.14857e-04 -1.14461e-04 -1.13963e-04 -1.13366e-04 -1.12672e-04
 -1.11885e-04 -1.11007e-04 -1.10043e-04 -1.08993e-04 -1.07863e-04 -1.06654e-04
 -1.05370e-04 -1.04013e-04 -1.02587e-04 -1.01096e-04 -9.95405e-05 -9.79254e-05
 -9.62531e-05 -9.45268e-05 -9.27492e-05 -9.09234e-05 -8.90523e-05 -8.71389e-05
 -8.51859e-05 -8.31962e-05 -8.11727e-05 -7.91181e-05 -7.70352e-05 -7.49266e-05
 -7.27950e-05 -7.06431e-05 -6.84734e-05 -6.62885e-05 -6.40909e-05 -6.18829e-05
 -5.96671e-05 -5.74457e-05 -5.52211e-05 -5.29954e-05 -5.07710e-05 -4.85499e-05
 -4.63342e-05 -4.41259e-05 -4.19271e-05 -3.97396e-05 -3.75654e-05 -3.54061e-05
 -3.32637e-05 -3.11396e-05 -2.90357e-05 -2.69535e-05 -2.48944e-05 -2.28599e-05
 -2.08515e-05 -1.88705e-05 -1.69181e-05 -1.49957e-05 -1.31042e-05 -1.12449e-05
 -9.41886e-06 -7.62697e-06 -5.87021e-06 -4.14946e-06 -2.46554e-06 -8.19212e-07
  7.88800e-07  2.35784e-06  3.88732e-06  5.37666e-06  6.82539e-06  8.23304e-06
  9.59923e-06  1.09236e-05  1.22059e-05  1.34458e-05  1.46431e-05  1.57977e-05
  1.69095e-05  1.79783e-05  1.90043e-05  1.99873e-05  2.09275e-05  2.18250e-05
  2.26798e-05  2.34923e-05  2.42625e-05  2.49908e-05  2.56774e-05  2.63226e-05
  2.69269e-05  2.74905e-05  2.80140e-05  2.84976e-05  2.89421e-05  2.93477e-05
  2.97151e-05  3.00447e-05  3.03373e-05  3.05933e-05  3.08134e-05  3.09982e-05
  3.11484e-05  3.12646e-05  3.13476e-05  3.13981e-05  3.14168e-05  3.14043e-05
  3.13616e-05  3.12892e-05  3.11881e-05  3.10590e-05  3.09026e-05  3.07199e-05
  3.05115e-05  3.02783e-05  3.00211e-05  2.97408e-05  2.94381e-05  2.91139e-05
  2.87690e-05  2.84042e-05  2.80205e-05  2.76185e-05  2.71991e-05  2.67631e-05
  2.63115e-05  2.58449e-05  2.53641e-05  2.48701e-05  2.43635e-05  2.38453e-05
  2.33160e-05  2.27766e-05  2.22279e-05  2.16704e-05  2.11051e-05  2.05326e-05
  1.99538e-05  1.93692e-05  1.87796e-05  1.81857e-05  1.75881e-05  1.69876e-05
  1.63849e-05  1.57804e-05  1.51749e-05  1.45691e-05  1.39633e-05  1.33584e-05
  1.27548e-05  1.21531e-05  1.15539e-05  1.09576e-05  1.03648e-05  9.77600e-06
  9.19163e-06  8.61218e-06  8.03810e-06  7.46982e-06  6.90775e-06  6.35230e-06
  5.80384e-06  5.26276e-06  4.72940e-06  4.20410e-06  3.68717e-06  3.17893e-06
  2.67967e-06  2.18965e-06  1.70914e-06  1.23837e-06  7.77580e-07  3.26978e-07
 -1.13239e-07 -5.42888e-07 -9.61800e-07 -1.36982e-06 -1.76682e-06 -2.15266e-06
 -2.52724e-06 -2.89045e-06 -3.24222e-06 -3.58247e-06 -3.91114e-06 -4.22819e-06
 -4.53358e-06 -4.82730e-06 -5.10934e-06 -5.37969e-06 -5.63838e-06 -5.88542e-06
 -6.12085e-06 -6.34472e-06 -6.55709e-06 -6.75801e-06 -6.94758e-06 -7.12586e-06
 -7.29297e-06 -7.44899e-06 -7.59404e-06 -7.72824e-06 -7.85171e-06 -7.96460e-06
 -8.06703e-06 -8.15917e-06 -8.24116e-06 -8.31317e-06 -8.37536e-06 -8.42791e-06
 -8.47099e-06 -8.50478e-06 -8.52948e-06 -8.54527e-06 -8.55236e-06 -8.55094e-06
 -8.54121e-06 -8.52339e-06 -8.49768e-06 -8.46429e-06 -8.42344e-06 -8.37534e-06
 -8.32022e-06 -8.25830e-06 -8.18980e-06 -8.11494e-06 -8.03394e-06 -7.94703e-06
 -7.85443e-06 -7.75638e-06 -7.65309e-06 -7.54480e-06 -7.43171e-06 -7.31407e-06
 -7.19209e-06 -7.06599e-06 -6.93600e-06 -6.80233e-06 -6.66521e-06 -6.52484e-06
 -6.38145e-06 -6.23524e-06 -6.08642e-06 -5.93520e-06 -5.78178e-06 -5.62637e-06
 -5.46917e-06 -5.31037e-06 -5.15016e-06 -4.98874e-06 -4.82628e-06 -4.66298e-06
 -4.49901e-06 -4.33455e-06 -4.16977e-06 -4.00483e-06 -3.83991e-06 -3.67516e-06
 -3.51075e-06 -3.34681e-06 -3.18350e-06 -3.02098e-06 -2.85936e-06 -2.69880e-06
 -2.53941e-06 -2.38134e-06 -2.22470e-06 -2.06962e-06 -1.91619e-06 -1.76455e-06
 -1.61479e-06 -1.46701e-06 -1.32130e-06 -1.17778e-06 -1.03651e-06 -8.97587e-07
 -7.61091e-07 -6.27094e-07 -4.95669e-07 -3.66882e-07 -2.40798e-07 -1.17473e-07
  3.03602e-09  1.20680e-07  2.35411e-07  3.47187e-07  4.55970e-07  5.61723e-07
  6.64417e-07  7.64023e-07  8.60518e-07  9.53882e-07  1.04410e-06  1.13115e-06
  1.21503e-06  1.29574e-06  1.37327e-06  1.44761e-06  1.51878e-06  1.58677e-06
  1.65160e-06  1.71328e-06  1.77183e-06  1.82726e-06  1.87958e-06  1.92884e-06
  1.97504e-06  2.01822e-06  2.05840e-06  2.09562e-06  2.12992e-06  2.16132e-06
  2.18987e-06  2.21561e-06  2.23857e-06  2.25880e-06  2.27636e-06  2.29127e-06
  2.30360e-06  2.31338e-06  2.32068e-06  2.32555e-06  2.32802e-06  2.32817e-06
  2.32605e-06  2.32171e-06  2.31521e-06  2.30660e-06  2.29595e-06  2.28331e-06
  2.26875e-06  2.25232e-06  2.23409e-06  2.21410e-06  2.19244e-06  2.16915e-06
  2.14430e-06  2.11795e-06  2.09016e-06  2.06099e-06  2.03050e-06  1.99876e-06
  1.96582e-06  1.93175e-06  1.89661e-06  1.86045e-06  1.82333e-06  1.78532e-06
  1.74647e-06  1.70684e-06  1.66649e-06  1.62547e-06  1.58384e-06  1.54165e-06
  1.49896e-06  1.45583e-06  1.41230e-06  1.36843e-06  1.32426e-06  1.27986e-06
  1.23526e-06  1.19051e-06  1.14567e-06  1.10077e-06  1.05587e-06  1.01100e-06
  9.66218e-07  9.21554e-07  8.77053e-07  8.32754e-07  7.88694e-07  7.44913e-07
  7.01445e-07  6.58325e-07  6.15588e-07  5.73266e-07  5.31390e-07  4.89991e-07
  4.49097e-07  4.08737e-07  3.68937e-07  3.29723e-07  2.91119e-07  2.53148e-07
  2.15832e-07  1.79192e-07  1.43248e-07  1.08018e-07  7.35193e-08  3.97686e-08
  6.78087e-09 -2.54298e-08 -5.68506e-08 -8.74694e-08 -1.17276e-07 -1.46259e-07
 -1.74412e-07 -2.01726e-07 -2.28194e-07 -2.53811e-07 -2.78572e-07 -3.02473e-07
 -3.25511e-07 -3.47685e-07 -3.68993e-07 -3.89435e-07 -4.09011e-07 -4.27724e-07
 -4.45575e-07 -4.62567e-07 -4.78705e-07 -4.93992e-07 -5.08435e-07 -5.22039e-07
 -5.34810e-07 -5.46757e-07 -5.57886e-07 -5.68208e-07 -5.77730e-07 -5.86462e-07
 -5.94415e-07 -6.01599e-07 -6.08026e-07 -6.13708e-07 -6.18656e-07 -6.22883e-07
 -6.26403e-07 -6.29228e-07 -6.31372e-07 -6.32849e-07 -6.33675e-07 -6.33863e-07
 -6.33428e-07 -6.32386e-07 -6.30752e-07 -6.28542e-07 -6.25771e-07 -6.22456e-07
 -6.18612e-07 -6.14257e-07 -6.09406e-07 -6.04076e-07 -5.98284e-07 -5.92046e-07
 -5.85379e-07 -5.78299e-07 -5.70824e-07 -5.62969e-07 -5.54752e-07 -5.46189e-07
 -5.37297e-07 -5.28093e-07 -5.18592e-07 -5.08811e-07 -4.98766e-07 -4.88474e-07
 -4.77949e-07 -4.67209e-07 -4.56268e-07 -4.45142e-07 -4.33846e-07 -4.22396e-07
 -4.10805e-07 -3.99090e-07 -3.87263e-07 -3.75340e-07 -3.63334e-07 -3.51259e-07
 -3.39128e-07 -3.26955e-07 -3.14752e-07 -3.02532e-07 -2.90307e-07 -2.78090e-07
 -2.65892e-07 -2.53724e-07 -2.41598e-07 -2.29524e-07 -2.17513e-07 -2.05576e-07
 -1.93721e-07 -1.81959e-07 -1.70300e-07 -1.58751e-07 -1.47321e-07 -1.36020e-07
 -1.24854e-07 -1.13832e-07 -1.02961e-07 -9.22473e-08 -8.16984e-08 -7.13204e-08
 -6.11194e-08 -5.11011e-08 -4.12709e-08 -3.16341e-08 -2.21953e-08 -1.29591e-08
 -3.92963e-09  4.88914e-09  1.34936e-08  2.18806e-08  3.00470e-08  3.79900e-08
  4.57074e-08  5.31968e-08  6.04565e-08  6.74847e-08  7.42802e-08  8.08418e-08
  8.71687e-08  9.32603e-08  9.91163e-08  1.04736e-07  1.10121e-07  1.15270e-07
  1.20185e-07  1.24865e-07  1.29313e-07  1.33529e-07  1.37514e-07  1.41271e-07
  1.44801e-07  1.48105e-07  1.51187e-07  1.54048e-07  1.56691e-07  1.59119e-07
  1.61333e-07  1.63338e-07  1.65135e-07  1.66729e-07  1.68123e-07  1.69319e-07
  1.70322e-07  1.71135e-07  1.71762e-07  1.72206e-07  1.72472e-07  1.72564e-07
  1.72484e-07  1.72239e-07  1.71832e-07  1.71266e-07  1.70547e-07  1.69679e-07
  1.68666e-07  1.67513e-07  1.66223e-07  1.64802e-07  1.63255e-07  1.61584e-07
  1.59796e-07  1.57895e-07  1.55884e-07  1.53770e-07  1.51556e-07  1.49246e-07
  1.46846e-07  1.44360e-07  1.41792e-07  1.39146e-07  1.36428e-07  1.33642e-07
  1.30791e-07  1.27880e-07  1.24914e-07  1.21897e-07  1.18832e-07  1.15724e-07
  1.12578e-07  1.09396e-07  1.06183e-07  1.02943e-07  9.96794e-08  9.63962e-08
  9.30970e-08  8.97854e-08  8.64649e-08  8.31389e-08  7.98109e-08  7.64842e-08
  7.31618e-08  6.98471e-08  6.65430e-08  6.32525e-08  5.99784e-08  5.67237e-08
  5.34909e-08  5.02828e-08  4.71019e-08  4.39506e-08  4.08313e-08  3.77463e-08
  3.46977e-08  3.16878e-08  2.87184e-08  2.57916e-08  2.29092e-08  2.00729e-08
  1.72844e-08  1.45452e-08  1.18570e-08  9.22106e-09  6.63874e-09  4.11130e-09
  1.63988e-09 -7.74418e-10 -3.13061e-09 -5.42778e-09 -7.66509e-09 -9.84177e-09
 -1.19571e-08 -1.40106e-08 -1.60016e-08 -1.79298e-08 -1.97946e-08 -2.15958e-08
 -2.33332e-08 -2.50066e-08 -2.66158e-08 -2.81608e-08 -2.96417e-08 -3.10585e-08
 -3.24113e-08 -3.37004e-08 -3.49261e-08 -3.60885e-08 -3.71881e-08 -3.82254e-08
 -3.92007e-08 -4.01147e-08 -4.09678e-08 -4.17607e-08 -4.24940e-08 -4.31685e-08
 -4.37848e-08 -4.43439e-08 -4.48464e-08 -4.52932e-08 -4.56852e-08 -4.60234e-08
 -4.63087e-08 -4.65420e-08 -4.67244e-08 -4.68569e-08 -4.69406e-08 -4.69765e-08
 -4.69657e-08 -4.69094e-08 -4.68087e-08 -4.66648e-08 -4.64787e-08 -4.62518e-08
 -4.59851e-08 -4.56799e-08 -4.53375e-08 -4.49589e-08 -4.45455e-08 -4.40985e-08
 -4.36191e-08 -4.31086e-08 -4.25681e-08 -4.19990e-08 -4.14024e-08 -4.07797e-08
 -4.01319e-08 -3.94604e-08 -3.87664e-08 -3.80511e-08 -3.73157e-08 -3.65613e-08
 -3.57892e-08 -3.50006e-08 -3.41965e-08 -3.33782e-08 -3.25468e-08 -3.17034e-08
 -3.08491e-08 -2.99851e-08 -2.91123e-08 -2.82319e-08 -2.73448e-08 -2.64522e-08
 -2.55549e-08 -2.46541e-08 -2.37506e-08 -2.28454e-08 -2.19395e-08 -2.10336e-08
 -2.01288e-08 -1.92259e-08 -1.83256e-08 -1.74289e-08 -1.65364e-08 -1.56491e-08
 -1.47676e-08 -1.38926e-08 -1.30248e-08 -1.21649e-08 -1.13137e-08 -1.04716e-08
 -9.63928e-09 -8.81735e-09 -8.00634e-09 -7.20680e-09 -6.41922e-09 -5.64409e-09
 -4.88188e-09 -4.13300e-09 -3.39789e-09 -2.67693e-09 -1.97048e-09 -1.27889e-09
 -6.02486e-10  5.84390e-11  7.03606e-10  1.33276e-09  1.94567e-09  2.54212e-09
  3.12193e-09  3.68491e-09  4.23093e-09  4.75985e-09  5.27157e-09  5.76599e-09
  6.24304e-09  6.70267e-09  7.14485e-09  7.56955e-09  7.97679e-09  8.36657e-09
  8.73893e-09  9.09393e-09  9.43162e-09  9.75210e-09  1.00555e-08  1.03418e-08
  1.06112e-08  1.08640e-08  1.11001e-08  1.13197e-08  1.15232e-08  1.17105e-08
  1.18820e-08  1.20378e-08  1.21782e-08  1.23033e-08  1.24135e-08  1.25090e-08
  1.25900e-08  1.26568e-08  1.27097e-08  1.27489e-08  1.27748e-08  1.27876e-08
  1.27876e-08  1.27751e-08  1.27505e-08  1.27141e-08  1.26661e-08  1.26069e-08
  1.25368e-08  1.24561e-08  1.23652e-08  1.22644e-08  1.21541e-08  1.20345e-08
  1.19060e-08  1.17690e-08  1.16237e-08  1.14706e-08  1.13099e-08  1.11420e-08
  1.09672e-08  1.07859e-08  1.05984e-08  1.04050e-08  1.02060e-08  1.00018e-08
  9.79273e-09  9.57906e-09  9.36112e-09  9.13923e-09  8.91369e-09  8.68483e-09
  8.45293e-09  8.21830e-09  7.98122e-09  7.74200e-09  7.50091e-09  7.25823e-09
  7.01424e-09  6.76920e-09  6.52339e-09  6.27705e-09  6.03044e-09  5.78381e-09
  5.53740e-09  5.29145e-09  5.04617e-09  4.80180e-09  4.55856e-09  4.31664e-09
  4.07627e-09  3.83763e-09  3.60092e-09  3.36631e-09  3.13400e-09  2.90415e-09
  2.67693e-09  2.45250e-09  2.23101e-09  2.01260e-09  1.79742e-09  1.58559e-09
  1.37725e-09  1.17252e-09  9.71513e-10  7.74329e-10  5.81075e-10  3.91845e-10
  2.06727e-10  2.58064e-11 -1.50842e-10 -3.23147e-10 -4.91044e-10 -6.54473e-10
 -8.13382e-10 -9.67723e-10 -1.11745e-09 -1.26254e-09 -1.40294e-09 -1.53865e-09
 -1.66963e-09 -1.79586e-09 -1.91735e-09 -2.03409e-09 -2.14606e-09 -2.25329e-09
 -2.35577e-09 -2.45352e-09 -2.54655e-09 -2.63489e-09 -2.71856e-09 -2.79759e-09
 -2.87202e-09 -2.94188e-09 -3.00721e-09 -3.06806e-09 -3.12447e-09 -3.17649e-09
 -3.22418e-09 -3.26759e-09 -3.30679e-09 -3.34182e-09 -3.37277e-09 -3.39969e-09
 -3.42266e-09 -3.44175e-09 -3.45702e-09 -3.46856e-09 -3.47645e-09 -3.48076e-09
 -3.48157e-09 -3.47896e-09 -3.47303e-09 -3.46385e-09 -3.45151e-09 -3.43610e-09
 -3.41770e-09 -3.39641e-09 -3.37231e-09 -3.34549e-09 -3.31605e-09 -3.28408e-09
 -3.24966e-09 -3.21289e-09 -3.17386e-09 -3.13267e-09 -3.08939e-09 -3.04414e-09
 -2.99698e-09 -2.94803e-09 -2.89737e-09 -2.84508e-09 -2.79126e-09 -2.73600e-09
 -2.67938e-09 -2.62149e-09 -2.56243e-09 -2.50226e-09 -2.44109e-09 -2.37899e-09
 -2.31604e-09 -2.25233e-09 -2.18794e-09 -2.12295e-09 -2.05743e-09 -1.99145e-09
 -1.92511e-09 -1.85846e-09 -1.79158e-09 -1.72455e-09 -1.65742e-09 -1.59028e-09
 -1.52318e-09 -1.45618e-09 -1.38936e-09 -1.32277e-09 -1.25648e-09 -1.19053e-09
 -1.12499e-09 -1.05990e-09 -9.95334e-10 -9.31328e-10 -8.67934e-10 -8.05200e-10
 -7.43171e-10 -6.81890e-10 -6.21401e-10 -5.61742e-10 -5.02953e-10 -4.45069e-10
 -3.88127e-10 -3.32159e-10 -2.77197e-10 -2.23270e-10 -1.70406e-10 -1.18632e-10
 -6.79726e-11 -1.84499e-11  2.99143e-11  7.71004e-11  1.23090e-10  1.67868e-10
  2.11418e-10  2.53727e-10  2.94784e-10  3.34578e-10  3.73101e-10  4.10344e-10
  4.46303e-10  4.80972e-10  5.14349e-10  5.46431e-10  5.77218e-10  6.06711e-10
  6.34912e-10  6.61824e-10  6.87451e-10  7.11799e-10  7.34874e-10  7.56684e-10
  7.77239e-10  7.96547e-10  8.14620e-10  8.31469e-10  8.47107e-10  8.61548e-10
  8.74805e-10  8.86895e-10  8.97832e-10  9.07634e-10  9.16318e-10  9.23902e-10
  9.30405e-10  9.35846e-10  9.40246e-10  9.43624e-10  9.46001e-10  9.47400e-10
  9.47841e-10  9.47348e-10  9.45943e-10  9.43648e-10  9.40488e-10  9.36486e-10
  9.31666e-10  9.26051e-10  9.19667e-10  9.12538e-10  9.04688e-10  8.96143e-10
  8.86927e-10  8.77064e-10  8.66581e-10  8.55502e-10  8.43851e-10  8.31655e-10
  8.18937e-10  8.05723e-10  7.92037e-10  7.77904e-10  7.63348e-10  7.48393e-10
  7.33064e-10  7.17384e-10  7.01377e-10  6.85066e-10  6.68475e-10  6.51626e-10
  6.34541e-10  6.17244e-10  5.99756e-10  5.82098e-10  5.64293e-10  5.46359e-10
  5.28320e-10  5.10193e-10  4.92000e-10  4.73759e-10  4.55489e-10  4.37209e-10
  4.18937e-10  4.00691e-10  3.82487e-10  3.64343e-10  3.46274e-10  3.28297e-10
  3.10427e-10  2.92679e-10  2.75067e-10  2.57605e-10  2.40307e-10  2.23185e-10
  2.06252e-10  1.89521e-10  1.73002e-10  1.56707e-10  1.40646e-10  1.24829e-10
  1.09267e-10  9.39674e-11  7.89398e-11  6.41923e-11  4.97324e-11  3.55676e-11
  2.17046e-11  8.14978e-12 -5.09101e-12 -1.80123e-11 -3.06091e-11 -4.28768e-11
 -5.48112e-11 -6.64087e-11 -7.76660e-11 -8.85801e-11 -9.91485e-11 -1.09369e-10
 -1.19240e-10 -1.28761e-10 -1.37930e-10 -1.46746e-10 -1.55210e-10 -1.63321e-10
 -1.71081e-10 -1.78489e-10 -1.85548e-10 -1.92257e-10 -1.98620e-10 -2.04638e-10
 -2.10314e-10 -2.15649e-10 -2.20648e-10 -2.25312e-10 -2.29647e-10 -2.33654e-10
 -2.37338e-10 -2.40703e-10 -2.43754e-10 -2.46494e-10 -2.48929e-10 -2.51063e-10
 -2.52902e-10 -2.54450e-10 -2.55714e-10 -2.56698e-10 -2.57409e-10 -2.57851e-10
 -2.58032e-10 -2.57957e-10 -2.57632e-10 -2.57063e-10 -2.56257e-10 -2.55221e-10
 -2.53960e-10 -2.52482e-10 -2.50792e-10 -2.48898e-10 -2.46807e-10 -2.44524e-10
 -2.42057e-10 -2.39413e-10 -2.36598e-10 -2.33619e-10 -2.30483e-10 -2.27197e-10
 -2.23767e-10 -2.20201e-10 -2.16504e-10 -2.12685e-10 -2.08748e-10 -2.04702e-10
 -2.00552e-10 -1.96305e-10 -1.91968e-10 -1.87546e-10 -1.83047e-10 -1.78476e-10
 -1.73839e-10 -1.69143e-10 -1.64394e-10 -1.59597e-10 -1.54759e-10 -1.49884e-10
 -1.44979e-10 -1.40050e-10 -1.35101e-10 -1.30137e-10 -1.25165e-10 -1.20189e-10
 -1.15214e-10 -1.10244e-10 -1.05285e-10 -1.00342e-10 -9.54176e-11 -9.05174e-11
 -8.56453e-11 -8.08055e-11 -7.60018e-11 -7.12381e-11 -6.65182e-11 -6.18454e-11
 -5.72234e-11 -5.26554e-11 -4.81445e-11 -4.36939e-11 -3.93063e-11 -3.49847e-11
 -3.07316e-11 -2.65496e-11 -2.24410e-11 -1.84082e-11 -1.44532e-11 -1.05780e-11
 -6.78462e-12 -3.07471e-12  5.50063e-13  4.08819e-12  7.53829e-12  1.08991e-11
  1.41694e-11  1.73482e-11  2.04346e-11  2.34277e-11  2.63269e-11  2.91316e-11
  3.18412e-11  3.44554e-11  3.69739e-11  3.93965e-11  4.17231e-11  4.39538e-11
  4.60886e-11  4.81278e-11  5.00716e-11  5.19204e-11  5.36747e-11  5.53349e-11
  5.69017e-11  5.83758e-11  5.97580e-11  6.10491e-11  6.22500e-11  6.33616e-11
  6.43851e-11  6.53214e-11  6.61718e-11  6.69375e-11  6.76197e-11  6.82198e-11
  6.87391e-11  6.91790e-11  6.95410e-11  6.98266e-11  7.00373e-11  7.01747e-11
  7.02405e-11  7.02361e-11  7.01634e-11  7.00240e-11  6.98196e-11  6.95520e-11
  6.92229e-11  6.88341e-11  6.83875e-11  6.78847e-11  6.73277e-11  6.67183e-11
  6.60583e-11  6.53496e-11  6.45939e-11  6.37932e-11  6.29494e-11  6.20642e-11
  6.11395e-11  6.01772e-11  5.91790e-11  5.81468e-11  5.70825e-11  5.59877e-11
  5.48644e-11  5.37143e-11  5.25391e-11  5.13406e-11  5.01205e-11  4.88805e-11
  4.76223e-11  4.63475e-11  4.50578e-11  4.37549e-11  4.24402e-11  4.11153e-11
  3.97819e-11  3.84413e-11  3.70951e-11  3.57446e-11  3.43915e-11  3.30369e-11
  3.16823e-11  3.03289e-11  2.89782e-11  2.76312e-11  2.62893e-11  2.49537e-11
  2.36255e-11  2.23057e-11  2.09956e-11  1.96961e-11  1.84083e-11  1.71331e-11
  1.58715e-11  1.46244e-11  1.33927e-11  1.21771e-11  1.09786e-11  9.79782e-12
  8.63554e-12  7.49245e-12  6.36921e-12  5.26645e-12  4.18474e-12  3.12465e-12
  2.08670e-12  1.07137e-12  7.91079e-14 -8.89655e-13 -1.83454e-12 -2.75518e-12
 -3.65127e-12 -4.52252e-12 -5.36865e-12 -6.18945e-12 -6.98472e-12 -7.75428e-12
 -8.49800e-12 -9.21576e-12 -9.90749e-12 -1.05731e-11 -1.12126e-11 -1.18260e-11
 -1.24133e-11 -1.29745e-11 -1.35098e-11 -1.40191e-11 -1.45027e-11 -1.49607e-11
 -1.53931e-11 -1.58003e-11 -1.61825e-11 -1.65397e-11 -1.68724e-11 -1.71807e-11
 -1.74649e-11 -1.77253e-11 -1.79623e-11 -1.81761e-11 -1.83671e-11 -1.85356e-11
 -1.86821e-11 -1.88069e-11 -1.89104e-11 -1.89930e-11 -1.90551e-11 -1.90971e-11
 -1.91195e-11 -1.91228e-11 -1.91073e-11 -1.90735e-11 -1.90220e-11 -1.89531e-11
 -1.88674e-11 -1.87653e-11 -1.86474e-11 -1.85140e-11 -1.83658e-11 -1.82032e-11
 -1.80267e-11 -1.78368e-11 -1.76341e-11 -1.74189e-11 -1.71919e-11 -1.69535e-11
 -1.67042e-11 -1.64446e-11 -1.61751e-11 -1.58962e-11 -1.56085e-11 -1.53123e-11
 -1.50083e-11 -1.46969e-11 -1.43785e-11 -1.40537e-11 -1.37228e-11 -1.33865e-11
 -1.30451e-11 -1.26991e-11 -1.23489e-11 -1.19950e-11 -1.16378e-11 -1.12777e-11
 -1.09152e-11 -1.05507e-11 -1.01845e-11 -9.81709e-12 -9.44885e-12 -9.08014e-12
 -8.71133e-12 -8.34279e-12 -7.97487e-12 -7.60791e-12 -7.24225e-12 -6.87821e-12
 -6.51612e-12 -6.15627e-12 -5.79896e-12 -5.44449e-12 -5.09314e-12 -4.74516e-12
 -4.40082e-12 -4.06037e-12 -3.72404e-12 -3.39208e-12 -3.06469e-12 -2.74209e-12
 -2.42448e-12 -2.11205e-12 -1.80499e-12 -1.50345e-12 -1.20762e-12 -9.17633e-13
 -6.33642e-13 -3.55779e-13 -8.41700e-14  1.81069e-13  4.39831e-13  6.92016e-13
  9.37537e-13  1.17631e-12  1.40826e-12  1.63333e-12  1.85147e-12  2.06261e-12
  2.26673e-12  2.46379e-12  2.65376e-12  2.83663e-12  3.01240e-12  3.18105e-12
  3.34259e-12  3.49703e-12  3.64440e-12  3.78471e-12  3.91800e-12  4.04430e-12
  4.16365e-12  4.27611e-12  4.38173e-12  4.48057e-12  4.57269e-12  4.65816e-12
  4.73706e-12  4.80947e-12  4.87546e-12  4.93514e-12  4.98858e-12  5.03589e-12
  5.07716e-12  5.11251e-12  5.14203e-12  5.16583e-12  5.18403e-12  5.19674e-12
  5.20408e-12  5.20618e-12  5.20315e-12  5.19511e-12  5.18220e-12  5.16454e-12
  5.14227e-12  5.11551e-12  5.08440e-12  5.04906e-12  5.00965e-12  4.96628e-12
  4.91911e-12  4.86825e-12  4.81386e-12  4.75607e-12  4.69501e-12  4.63082e-12
  4.56364e-12  4.49361e-12  4.42085e-12  4.34552e-12  4.26774e-12  4.18764e-12
  4.10536e-12  4.02104e-12  3.93479e-12  3.84676e-12  3.75707e-12  3.66585e-12
  3.57321e-12  3.47930e-12  3.38422e-12  3.28810e-12  3.19105e-12  3.09320e-12
  2.99466e-12  2.89554e-12  2.79595e-12  2.69600e-12  2.59580e-12  2.49544e-12
  2.39503e-12  2.29468e-12  2.19447e-12  2.09450e-12  1.99486e-12  1.89565e-12
  1.79694e-12  1.69882e-12  1.60138e-12  1.50470e-12  1.40884e-12  1.31388e-12
  1.21990e-12  1.12697e-12  1.03514e-12  9.44482e-13  8.55058e-13  7.66925e-13
  6.80137e-13  5.94748e-13  5.10808e-13  4.28363e-13  3.47459e-13  2.68138e-13
  1.90440e-13  1.14402e-13  4.00586e-14 -3.25577e-14 -1.03417e-13 -1.72493e-13
 -2.39759e-13 -3.05193e-13 -3.68776e-13 -4.30488e-13 -4.90315e-13 -5.48243e-13
 -6.04259e-13 -6.58356e-13 -7.10525e-13 -7.60763e-13 -8.09065e-13 -8.55431e-13
 -8.99861e-13 -9.42358e-13 -9.82927e-13 -1.02157e-12 -1.05831e-12 -1.09313e-12
 -1.12607e-12 -1.15712e-12 -1.18631e-12 -1.21365e-12 -1.23915e-12 -1.26284e-12
 -1.28474e-12 -1.30486e-12 -1.32323e-12 -1.33988e-12 -1.35482e-12 -1.36809e-12
 -1.37971e-12 -1.38971e-12 -1.39811e-12 -1.40495e-12 -1.41026e-12 -1.41407e-12
 -1.41641e-12 -1.41731e-12 -1.41681e-12 -1.41493e-12 -1.41173e-12 -1.40722e-12
 -1.40145e-12 -1.39444e-12 -1.38625e-12 -1.37689e-12 -1.36642e-12 -1.35486e-12
 -1.34226e-12 -1.32865e-12 -1.31406e-12 -1.29854e-12 -1.28212e-12 -1.26484e-12
 -1.24674e-12 -1.22786e-12 -1.20822e-12 -1.18787e-12 -1.16685e-12 -1.14519e-12
 -1.12293e-12 -1.10010e-12 -1.07674e-12 -1.05288e-12 -1.02857e-12 -1.00383e-12
 -9.78695e-13 -9.53207e-13 -9.27394e-13 -9.01290e-13 -8.74927e-13 -8.48337e-13
 -8.21552e-13 -7.94602e-13 -7.67517e-13 -7.40327e-13 -7.13061e-13 -6.85747e-13
 -6.58414e-13 -6.31088e-13 -6.03795e-13 -5.76562e-13 -5.49414e-13 -5.22375e-13
 -4.95469e-13 -4.68718e-13 -4.42147e-13 -4.15775e-13 -3.89624e-13 -3.63715e-13
 -3.38066e-13 -3.12697e-13 -2.87626e-13 -2.62870e-13 -2.38445e-13 -2.14369e-13
 -1.90655e-13 -1.67318e-13 -1.44373e-13 -1.21832e-13 -9.97080e-14 -7.80121e-14
 -5.67555e-14 -3.59485e-14 -1.56007e-14  4.27890e-15  2.36821e-14  4.26013e-14
  6.10295e-14  7.89604e-14  9.63884e-14  1.13308e-13  1.29716e-13  1.45607e-13
  1.60979e-13  1.75828e-13  1.90154e-13  2.03954e-13  2.17227e-13  2.29972e-13
  2.42191e-13  2.53884e-13  2.65051e-13  2.75694e-13  2.85816e-13  2.95418e-13
  3.04504e-13  3.13078e-13  3.21142e-13  3.28702e-13  3.35762e-13  3.42326e-13
  3.48401e-13  3.53992e-13  3.59104e-13  3.63745e-13  3.67921e-13  3.71639e-13
  3.74907e-13  3.77731e-13  3.80120e-13  3.82081e-13  3.83623e-13  3.84754e-13
  3.85484e-13  3.85820e-13  3.85772e-13  3.85349e-13  3.84560e-13  3.83415e-13
  3.81923e-13  3.80094e-13  3.77938e-13  3.75464e-13  3.72684e-13  3.69606e-13
  3.66240e-13  3.62597e-13  3.58688e-13  3.54521e-13  3.50108e-13  3.45458e-13
  3.40582e-13  3.35489e-13  3.30190e-13  3.24695e-13  3.19014e-13  3.13157e-13
  3.07134e-13  3.00954e-13  2.94628e-13  2.88164e-13  2.81573e-13  2.74864e-13
  2.68047e-13  2.61130e-13  2.54122e-13  2.47034e-13  2.39872e-13  2.32647e-13
  2.25367e-13  2.18040e-13  2.10674e-13  2.03278e-13  1.95860e-13  1.88426e-13
  1.80986e-13  1.73545e-13  1.66113e-13  1.58694e-13  1.51298e-13  1.43929e-13
  1.36595e-13  1.29302e-13  1.22057e-13  1.14864e-13  1.07730e-13  1.00661e-13
  9.36615e-14  8.67368e-14  7.98921e-14  7.31321e-14  6.64614e-14  5.98843e-14
  5.34050e-14  4.70276e-14  4.07559e-14  3.45934e-14  2.85435e-14  2.26095e-14
  1.67944e-14  1.11011e-14  5.53226e-15  9.02785e-17 -5.22252e-15 -1.04040e-14
 -1.54523e-14 -2.03655e-14 -2.51422e-14 -2.97809e-14 -3.42804e-14 -3.86395e-14
 -4.28575e-14 -4.69334e-14 -5.08667e-14 -5.46570e-14 -5.83040e-14 -6.18074e-14
 -6.51674e-14 -6.83840e-14 -7.14575e-14 -7.43883e-14 -7.71770e-14 -7.98241e-14
 -8.23305e-14 -8.46971e-14 -8.69249e-14 -8.90150e-14 -9.09686e-14 -9.27871e-14
 -9.44720e-14 -9.60247e-14 -9.74468e-14 -9.87402e-14 -9.99065e-14 -1.00948e-13
 -1.01866e-13 -1.02663e-13 -1.03340e-13 -1.03901e-13 -1.04348e-13 -1.04682e-13
 -1.04906e-13 -1.05022e-13 -1.05033e-13 -1.04942e-13 -1.04750e-13 -1.04461e-13
 -1.04076e-13 -1.03600e-13 -1.03033e-13 -1.02380e-13 -1.01642e-13 -1.00823e-13
 -9.99249e-14 -9.89507e-14 -9.79031e-14 -9.67849e-14 -9.55989e-14 -9.43479e-14
 -9.30345e-14 -9.16617e-14 -9.02321e-14 -8.87484e-14 -8.72134e-14 -8.56299e-14
 -8.40005e-14 -8.23279e-14 -8.06147e-14 -7.88636e-14 -7.70772e-14 -7.52581e-14
 -7.34087e-14 -7.15318e-14 -6.96297e-14 -6.77048e-14 -6.57597e-14 -6.37966e-14
 -6.18180e-14 -5.98261e-14 -5.78232e-14 -5.58114e-14 -5.37930e-14 -5.17702e-14
 -4.97448e-14 -4.77191e-14 -4.56950e-14 -4.36744e-14 -4.16592e-14 -3.96513e-14
 -3.76524e-14 -3.56642e-14 -3.36885e-14 -3.17269e-14 -2.97810e-14 -2.78522e-14
 -2.59421e-14 -2.40521e-14 -2.21835e-14 -2.03376e-14 -1.85158e-14 -1.67192e-14
 -1.49490e-14 -1.32063e-14 -1.14921e-14 -9.80735e-15 -8.15310e-15 -6.53020e-15
 -4.93948e-15 -3.38174e-15 -1.85770e-15 -3.68051e-16  1.08657e-15  2.50557e-15
  3.88842e-15  5.23463e-15  6.54376e-15  7.81540e-15  9.04922e-15  1.02449e-14
  1.14022e-14  1.25209e-14  1.36008e-14  1.46417e-14  1.56437e-14  1.66066e-14
  1.75305e-14  1.84153e-14  1.92611e-14  2.00680e-14  2.08363e-14  2.15659e-14
  2.22572e-14  2.29103e-14  2.35256e-14  2.41034e-14  2.46439e-14  2.51475e-14
  2.56147e-14  2.60457e-14  2.64412e-14  2.68014e-14  2.71270e-14  2.74184e-14
  2.76761e-14  2.79007e-14  2.80928e-14  2.82529e-14  2.83816e-14  2.84797e-14
  2.85476e-14  2.85860e-14  2.85957e-14  2.85773e-14  2.85314e-14  2.84588e-14
  2.83602e-14  2.82362e-14  2.80877e-14  2.79153e-14  2.77198e-14  2.75019e-14
  2.72623e-14  2.70019e-14  2.67213e-14  2.64213e-14  2.61027e-14  2.57662e-14
  2.54126e-14  2.50425e-14  2.46569e-14  2.42564e-14  2.38417e-14  2.34136e-14
  2.29729e-14  2.25202e-14  2.20564e-14  2.15820e-14  2.10979e-14  2.06046e-14
  2.01031e-14  1.95938e-14  1.90775e-14  1.85549e-14  1.80266e-14  1.74932e-14
  1.69555e-14  1.64140e-14  1.58694e-14  1.53223e-14  1.47731e-14  1.42227e-14
  1.36714e-14  1.31199e-14  1.25687e-14  1.20184e-14  1.14694e-14  1.09222e-14
  1.03774e-14  9.83547e-15  9.29678e-15  8.76182e-15  8.23103e-15  7.70482e-15
  7.18359e-15  6.66775e-15  6.15765e-15  5.65367e-15  5.15614e-15  4.66541e-15
  4.18179e-15  3.70557e-15  3.23706e-15  2.77651e-15  2.32420e-15  1.88037e-15
  1.44525e-15  1.01906e-15  6.01995e-16  1.94252e-16 -2.03995e-16 -5.92582e-16
 -9.71360e-16 -1.34019e-15 -1.69896e-15 -2.04754e-15 -2.38585e-15 -2.71379e-15
 -3.03130e-15 -3.33831e-15 -3.63477e-15 -3.92064e-15 -4.19590e-15 -4.46053e-15
 -4.71452e-15 -4.95789e-15 -5.19063e-15 -5.41279e-15 -5.62439e-15 -5.82547e-15
 -6.01610e-15 -6.19634e-15 -6.36625e-15 -6.52592e-15 -6.67543e-15 -6.81488e-15
 -6.94437e-15 -7.06401e-15 -7.17392e-15 -7.27423e-15 -7.36506e-15 -7.44655e-15
 -7.51884e-15 -7.58208e-15 -7.63643e-15 -7.68204e-15 -7.71907e-15 -7.74770e-15
 -7.76809e-15 -7.78042e-15 -7.78487e-15 -7.78163e-15 -7.77087e-15 -7.75279e-15
 -7.72758e-15 -7.69544e-15 -7.65655e-15 -7.61112e-15 -7.55935e-15 -7.50143e-15
 -7.43758e-15 -7.36799e-15 -7.29287e-15 -7.21242e-15 -7.12685e-15 -7.03636e-15
 -6.94116e-15 -6.84145e-15 -6.73744e-15 -6.62934e-15 -6.51733e-15 -6.40163e-15
 -6.28244e-15 -6.15995e-15 -6.03436e-15 -5.90587e-15 -5.77468e-15 -5.64097e-15
 -5.50494e-15 -5.36676e-15 -5.22664e-15 -5.08475e-15 -4.94127e-15 -4.79639e-15
 -4.65026e-15 -4.50308e-15 -4.35500e-15 -4.20619e-15 -4.05681e-15 -3.90702e-15
 -3.75699e-15 -3.60685e-15 -3.45677e-15 -3.30687e-15 -3.15732e-15 -3.00824e-15
 -2.85976e-15 -2.71203e-15 -2.56516e-15 -2.41927e-15 -2.27449e-15 -2.13094e-15
 -1.98871e-15 -1.84793e-15 -1.70869e-15 -1.57109e-15 -1.43522e-15 -1.30119e-15
 -1.16907e-15 -1.03894e-15 -9.10900e-16 -7.85010e-16 -6.61344e-16 -5.39971e-16
 -4.20955e-16 -3.04355e-16 -1.90229e-16 -7.86282e-17  3.03982e-17  1.36805e-16
  2.40551e-16  3.41597e-16  4.39910e-16  5.35459e-16  6.28215e-16  7.18156e-16
  8.05259e-16  8.89509e-16  9.70889e-16  1.04939e-15  1.12500e-15  1.19772e-15
  1.26754e-15  1.33447e-15  1.39851e-15  1.45966e-15  1.51794e-15  1.57335e-15
  1.62591e-15  1.67564e-15  1.72255e-15  1.76667e-15  1.80802e-15  1.84662e-15
  1.88250e-15  1.91570e-15  1.94624e-15  1.97415e-15  1.99948e-15  2.02226e-15
  2.04252e-15  2.06031e-15  2.07567e-15  2.08864e-15  2.09926e-15  2.10758e-15
  2.11366e-15  2.11752e-15  2.11923e-15  2.11883e-15  2.11638e-15  2.11192e-15
  2.10551e-15  2.09719e-15  2.08703e-15  2.07508e-15  2.06138e-15  2.04600e-15
  2.02899e-15  2.01041e-15  1.99030e-15  1.96874e-15  1.94576e-15  1.92144e-15
  1.89581e-15  1.86895e-15  1.84091e-15  1.81173e-15  1.78148e-15  1.75021e-15
  1.71798e-15  1.68484e-15  1.65085e-15  1.61605e-15  1.58050e-15  1.54425e-15
  1.50736e-15  1.46988e-15  1.43185e-15  1.39333e-15  1.35437e-15  1.31501e-15
  1.27531e-15  1.23530e-15  1.19504e-15  1.15457e-15  1.11394e-15  1.07318e-15
  1.03235e-15  9.91481e-16  9.50615e-16  9.09793e-16  8.69054e-16  8.28435e-16
  7.87973e-16  7.47704e-16  7.07662e-16  6.67881e-16  6.28394e-16  5.89232e-16
  5.50427e-16  5.12006e-16  4.73998e-16  4.36431e-16  3.99331e-16  3.62723e-16
  3.26631e-16  2.91078e-16  2.56085e-16  2.21674e-16  1.87864e-16  1.54675e-16
  1.22122e-16  9.02244e-17  5.89962e-17  2.84523e-17 -1.39383e-18 -3.05296e-17
 -5.89434e-17 -8.66247e-17 -1.13564e-16 -1.39753e-16 -1.65183e-16 -1.89848e-16
 -2.13742e-16 -2.36860e-16 -2.59198e-16 -2.80752e-16 -3.01521e-16 -3.21502e-16
 -3.40695e-16 -3.59100e-16 -3.76717e-16 -3.93549e-16 -4.09597e-16 -4.24864e-16
 -4.39354e-16 -4.53072e-16 -4.66022e-16 -4.78210e-16 -4.89642e-16 -5.00325e-16
 -5.10266e-16 -5.19474e-16 -5.27956e-16 -5.35722e-16 -5.42781e-16 -5.49143e-16
 -5.54818e-16 -5.59818e-16 -5.64153e-16 -5.67835e-16 -5.70875e-16 -5.73287e-16
 -5.75082e-16 -5.76274e-16 -5.76876e-16 -5.76900e-16 -5.76362e-16 -5.75274e-16
 -5.73652e-16 -5.71508e-16 -5.68858e-16 -5.65716e-16 -5.62097e-16 -5.58016e-16
 -5.53488e-16 -5.48528e-16 -5.43150e-16 -5.37371e-16 -5.31205e-16 -5.24667e-16
 -5.17773e-16 -5.10538e-16 -5.02977e-16 -4.95105e-16 -4.86937e-16 -4.78488e-16
 -4.69774e-16 -4.60808e-16 -4.51606e-16 -4.42183e-16 -4.32552e-16 -4.22727e-16
 -4.12725e-16 -4.02557e-16 -3.92238e-16 -3.81782e-16 -3.71202e-16 -3.60511e-16
 -3.49723e-16 -3.38849e-16 -3.27904e-16 -3.16899e-16 -3.05847e-16 -2.94759e-16
 -2.83646e-16 -2.72521e-16 -2.61395e-16 -2.50278e-16 -2.39181e-16 -2.28114e-16
 -2.17088e-16 -2.06112e-16 -1.95196e-16 -1.84349e-16 -1.73580e-16 -1.62897e-16
 -1.52309e-16 -1.41824e-16 -1.31450e-16 -1.21195e-16 -1.11064e-16 -1.01066e-16
 -9.12072e-17 -8.14934e-17 -7.19309e-17 -6.25254e-17 -5.32824e-17 -4.42069e-17
 -3.53040e-17 -2.65781e-17 -1.80336e-17 -9.67453e-18 -1.50456e-18  6.47279e-18
  1.42543e-17  2.18371e-17  2.92185e-17  3.63960e-17  4.33675e-17  5.01311e-17
  5.66852e-17  6.30283e-17  6.91592e-17  7.50771e-17  8.07812e-17  8.62710e-17
  9.15462e-17  9.66069e-17  1.01453e-16  1.06085e-16  1.10504e-16  1.14710e-16
  1.18704e-16  1.22488e-16  1.26062e-16  1.29428e-16  1.32589e-16  1.35544e-16
  1.38298e-16  1.40851e-16  1.43206e-16  1.45366e-16  1.47332e-16  1.49108e-16
  1.50697e-16  1.52101e-16  1.53323e-16  1.54367e-16  1.55235e-16  1.55931e-16
  1.56459e-16  1.56822e-16  1.57023e-16  1.57066e-16  1.56955e-16  1.56693e-16
  1.56285e-16  1.55734e-16  1.55045e-16  1.54221e-16  1.53265e-16  1.52184e-16
  1.50979e-16  1.49656e-16  1.48218e-16  1.46670e-16  1.45015e-16  1.43259e-16
  1.41404e-16  1.39456e-16  1.37418e-16  1.35295e-16  1.33089e-16  1.30807e-16
  1.28451e-16  1.26026e-16  1.23536e-16  1.20984e-16  1.18375e-16  1.15712e-16
  1.13000e-16  1.10242e-16  1.07442e-16  1.04604e-16  1.01732e-16  9.88279e-17
  9.58968e-17  9.29419e-17  8.99665e-17  8.69740e-17  8.39678e-17  8.09512e-17
  7.79273e-17  7.48992e-17  7.18700e-17  6.88427e-17  6.58202e-17  6.28052e-17
  5.98007e-17  5.68092e-17  5.38334e-17  5.08758e-17  4.79388e-17  4.50249e-17
  4.21362e-17  3.92751e-17  3.64437e-17  3.36440e-17  3.08780e-17  2.81476e-17
  2.54545e-17  2.28007e-17  2.01877e-17  1.76170e-17  1.50902e-17  1.26088e-17
  1.01740e-17  7.78707e-18  5.44928e-18  3.16172e-18  9.25424e-19 -1.25866e-18
 -3.38962e-18 -5.46667e-18 -7.48904e-18 -9.45606e-18 -1.13671e-17 -1.32217e-17
 -1.50194e-17 -1.67597e-17 -1.84423e-17 -2.00669e-17 -2.16334e-17 -2.31416e-17
 -2.45914e-17 -2.59828e-17 -2.73157e-17 -2.85904e-17 -2.98069e-17 -3.09655e-17
 -3.20663e-17 -3.31097e-17 -3.40961e-17 -3.50257e-17 -3.58991e-17 -3.67168e-17
 -3.74792e-17 -3.81870e-17 -3.88407e-17 -3.94410e-17 -3.99886e-17 -4.04842e-17
 -4.09286e-17 -4.13224e-17 -4.16667e-17 -4.19621e-17 -4.22095e-17 -4.24100e-17
 -4.25643e-17 -4.26734e-17 -4.27384e-17 -4.27601e-17 -4.27396e-17 -4.26779e-17
 -4.25761e-17 -4.24351e-17 -4.22562e-17 -4.20402e-17 -4.17884e-17 -4.15019e-17
 -4.11816e-17 -4.08289e-17 -4.04446e-17 -4.00301e-17 -3.95864e-17 -3.91146e-17
 -3.86159e-17 -3.80914e-17 -3.75422e-17 -3.69694e-17 -3.63742e-17 -3.57576e-17
 -3.51209e-17 -3.44650e-17 -3.37911e-17 -3.31002e-17 -3.23935e-17 -3.16719e-17
 -3.09367e-17 -3.01887e-17 -2.94291e-17 -2.86588e-17 -2.78788e-17 -2.70902e-17
 -2.62939e-17 -2.54909e-17 -2.46821e-17 -2.38685e-17 -2.30509e-17 -2.22302e-17
 -2.14074e-17 -2.05832e-17 -1.97586e-17 -1.89342e-17 -1.81110e-17 -1.72897e-17
 -1.64710e-17 -1.56557e-17 -1.48445e-17 -1.40382e-17 -1.32372e-17 -1.24424e-17
 -1.16544e-17 -1.08737e-17 -1.01009e-17 -9.33664e-18 -8.58143e-18 -7.83580e-18
 -7.10024e-18 -6.37523e-18 -5.66123e-18 -4.95866e-18 -4.26795e-18 -3.58949e-18
 -2.92364e-18 -2.27076e-18 -1.63117e-18 -1.00519e-18 -3.93099e-19  2.04836e-19
  7.88367e-19  1.35727e-18  1.91133e-18  2.45037e-18  2.97421e-18  3.48271e-18
  3.97573e-18  4.45316e-18  4.91491e-18  5.36090e-18  5.79107e-18  6.20536e-18
  6.60377e-18  6.98627e-18  7.35288e-18  7.70360e-18  8.03848e-18  8.35757e-18
  8.66092e-18  8.94863e-18  9.22077e-18  9.47746e-18  9.71880e-18  9.94494e-18
  1.01560e-17  1.03522e-17  1.05335e-17  1.07004e-17  1.08528e-17  1.09910e-17
  1.11152e-17  1.12256e-17  1.13225e-17  1.14060e-17  1.14764e-17  1.15339e-17
  1.15788e-17  1.16114e-17  1.16319e-17  1.16405e-17  1.16376e-17  1.16234e-17
  1.15982e-17  1.15623e-17  1.15160e-17  1.14595e-17  1.13932e-17  1.13174e-17
  1.12324e-17  1.11384e-17  1.10357e-17  1.09248e-17  1.08058e-17  1.06792e-17
  1.05451e-17  1.04039e-17  1.02559e-17  1.01015e-17  9.94084e-18  9.77432e-18
  9.60223e-18  9.42486e-18  9.24252e-18  9.05550e-18  8.86408e-18  8.66857e-18
  8.46925e-18  8.26641e-18  8.06033e-18  7.85128e-18  7.63954e-18  7.42538e-18
  7.20907e-18  6.99086e-18  6.77102e-18  6.54980e-18  6.32745e-18  6.10421e-18
  5.88033e-18  5.65602e-18  5.43153e-18  5.20707e-18  4.98287e-18  4.75914e-18
  4.53608e-18  4.31390e-18  4.09278e-18  3.87293e-18  3.65453e-18  3.43774e-18
  3.22276e-18  3.00974e-18  2.79885e-18  2.59023e-18  2.38405e-18  2.18044e-18
  1.97954e-18  1.78148e-18  1.58639e-18  1.39439e-18  1.20559e-18  1.02010e-18
  8.38016e-19  6.59443e-19  4.84470e-19  3.13181e-19  1.45656e-19 -1.80323e-20
 -1.77814e-19 -3.33627e-19 -4.85413e-19 -6.33120e-19 -7.76701e-19 -9.16113e-19
 -1.05132e-18 -1.18229e-18 -1.30900e-18 -1.43142e-18 -1.54953e-18 -1.66333e-18
 -1.77281e-18 -1.87795e-18 -1.97876e-18 -2.07525e-18 -2.16743e-18 -2.25530e-18
 -2.33889e-18 -2.41820e-18 -2.49328e-18 -2.56414e-18 -2.63082e-18 -2.69335e-18
 -2.75176e-18 -2.80611e-18 -2.85643e-18 -2.90276e-18 -2.94517e-18 -2.98369e-18
 -3.01840e-18 -3.04933e-18 -3.07655e-18 -3.10013e-18 -3.12013e-18 -3.13661e-18
 -3.14963e-18 -3.15928e-18 -3.16562e-18 -3.16872e-18 -3.16865e-18 -3.16550e-18
 -3.15933e-18 -3.15023e-18 -3.13828e-18 -3.12355e-18 -3.10612e-18 -3.08608e-18
 -3.06350e-18 -3.03848e-18 -3.01108e-18 -2.98140e-18 -2.94952e-18 -2.91551e-18
 -2.87948e-18 -2.84149e-18 -2.80163e-18 -2.75999e-18 -2.71664e-18 -2.67168e-18
 -2.62518e-18 -2.57722e-18 -2.52789e-18 -2.47726e-18 -2.42543e-18 -2.37246e-18
 -2.31843e-18 -2.26343e-18 -2.20752e-18 -2.15079e-18 -2.09331e-18 -2.03516e-18
 -1.97640e-18 -1.91711e-18 -1.85736e-18 -1.79722e-18 -1.73675e-18 -1.67603e-18
 -1.61512e-18 -1.55407e-18 -1.49296e-18 -1.43185e-18 -1.37080e-18 -1.30985e-18
 -1.24908e-18 -1.18853e-18 -1.12826e-18 -1.06833e-18 -1.00877e-18 -9.49650e-19
 -8.91005e-19 -8.32884e-19 -7.75331e-19 -7.18390e-19 -6.62101e-19 -6.06504e-19
 -5.51636e-19 -4.97533e-19 -4.44230e-19 -3.91760e-19 -3.40155e-19 -2.89444e-19
 -2.39655e-19 -1.90816e-19 -1.42950e-19 -9.60824e-20 -5.02343e-20 -5.42624e-21
  3.83226e-20  8.09949e-20  1.22574e-19  1.63047e-19  2.02399e-19  2.40618e-19
  2.77695e-19  3.13621e-19  3.48387e-19  3.81988e-19  4.14418e-19  4.45673e-19
  4.75752e-19  5.04652e-19  5.32373e-19  5.58916e-19  5.84285e-19  6.08480e-19
  6.31508e-19  6.53372e-19  6.74080e-19  6.93639e-19  7.12057e-19  7.29343e-19
  7.45507e-19  7.60560e-19  7.74514e-19  7.87381e-19  7.99174e-19  8.09908e-19
  8.19598e-19  8.28258e-19  8.35904e-19  8.42554e-19  8.48224e-19  8.52932e-19
  8.56697e-19  8.59537e-19  8.61471e-19  8.62519e-19  8.62701e-19  8.62038e-19
  8.60550e-19  8.58257e-19  8.55183e-19  8.51347e-19  8.46773e-19  8.41481e-19
  8.35495e-19  8.28836e-19  8.21527e-19  8.13590e-19  8.05048e-19  7.95925e-19
  7.86242e-19  7.76022e-19  7.65289e-19  7.54064e-19  7.42370e-19  7.30230e-19
  7.17667e-19  7.04702e-19  6.91358e-19  6.77656e-19  6.63620e-19  6.49270e-19
  6.34627e-19  6.19713e-19  6.04550e-19  5.89157e-19  5.73555e-19  5.57765e-19
  5.41805e-19  5.25697e-19  5.09458e-19  4.93109e-19  4.76667e-19  4.60150e-19
  4.43578e-19  4.26966e-19  4.10333e-19  3.93695e-19  3.77068e-19  3.60468e-19
  3.43911e-19  3.27412e-19  3.10986e-19  2.94647e-19  2.78408e-19  2.62284e-19
  2.46287e-19  2.30430e-19  2.14725e-19  1.99184e-19  1.83817e-19  1.68636e-19
  1.53652e-19  1.38874e-19  1.24311e-19  1.09973e-19  9.58682e-20  8.20051e-20
  6.83914e-20  5.50343e-20  4.19410e-20  2.91177e-20  1.65707e-20  4.30559e-21
 -7.67236e-21 -1.93583e-20 -3.07477e-20 -4.18367e-20 -5.26213e-20 -6.30985e-20
 -7.32653e-20 -8.31191e-20 -9.26577e-20 -1.01879e-19 -1.10783e-19 -1.19367e-19
 -1.27630e-19 -1.35573e-19 -1.43194e-19 -1.50496e-19 -1.57476e-19 -1.64138e-19
 -1.70481e-19 -1.76507e-19 -1.82218e-19 -1.87616e-19 -1.92703e-19 -1.97480e-19
 -2.01952e-19 -2.06120e-19 -2.09989e-19 -2.13561e-19 -2.16839e-19 -2.19829e-19
 -2.22533e-19 -2.24955e-19 -2.27101e-19 -2.28975e-19 -2.30580e-19 -2.31923e-19
 -2.33007e-19 -2.33839e-19 -2.34423e-19 -2.34764e-19 -2.34868e-19 -2.34741e-19
 -2.34388e-19 -2.33815e-19 -2.33027e-19 -2.32031e-19 -2.30832e-19 -2.29436e-19
 -2.27850e-19 -2.26080e-19 -2.24131e-19 -2.22010e-19 -2.19722e-19 -2.17275e-19
 -2.14674e-19 -2.11926e-19 -2.09036e-19 -2.06011e-19 -2.02856e-19 -1.99579e-19
 -1.96186e-19 -1.92681e-19 -1.89072e-19 -1.85364e-19 -1.81564e-19 -1.77677e-19
 -1.73708e-19 -1.69665e-19 -1.65552e-19 -1.61376e-19 -1.57141e-19 -1.52854e-19
 -1.48520e-19 -1.44143e-19 -1.39731e-19 -1.35286e-19 -1.30815e-19 -1.26323e-19
 -1.21815e-19 -1.17295e-19 -1.12768e-19 -1.08238e-19 -1.03710e-19 -9.91892e-20
 -9.46787e-20 -9.01830e-20 -8.57062e-20 -8.12522e-20 -7.68247e-20 -7.24275e-20
 -6.80642e-20 -6.37381e-20 -5.94526e-20 -5.52109e-20 -5.10162e-20 -4.68714e-20
 -4.27793e-20 -3.87427e-20 -3.47642e-20 -3.08464e-20 -2.69915e-20 -2.32019e-20
 -1.94797e-20 -1.58269e-20 -1.22454e-20 -8.73708e-21 -5.30358e-21 -1.94648e-21
  1.33278e-21  4.53284e-21  7.65245e-21  1.06905e-20  1.36460e-20  1.65179e-20
  1.93055e-20  2.20081e-20  2.46250e-20  2.71557e-20  2.95998e-20  3.19570e-20
  3.42270e-20  3.64098e-20  3.85052e-20  4.05132e-20  4.24340e-20  4.42679e-20
  4.60150e-20  4.76757e-20  4.92505e-20  5.07398e-20  5.21443e-20  5.34646e-20
  5.47014e-20  5.58554e-20  5.69276e-20  5.79188e-20  5.88299e-20  5.96621e-20
  6.04163e-20  6.10936e-20  6.16953e-20  6.22226e-20  6.26766e-20  6.30587e-20
  6.33703e-20  6.36127e-20  6.37873e-20  6.38955e-20  6.39388e-20  6.39188e-20
  6.38369e-20  6.36947e-20  6.34938e-20  6.32357e-20  6.29221e-20  6.25546e-20
  6.21349e-20  6.16645e-20  6.11451e-20  6.05784e-20  5.99662e-20  5.93100e-20
  5.86115e-20  5.78725e-20  5.70947e-20  5.62796e-20  5.54290e-20  5.45445e-20
  5.36279e-20  5.26808e-20  5.17047e-20  5.07015e-20  4.96726e-20  4.86198e-20
  4.75445e-20  4.64484e-20  4.53331e-20  4.42000e-20  4.30508e-20  4.18869e-20
  4.07097e-20  3.95209e-20  3.83217e-20  3.71137e-20  3.58982e-20  3.46765e-20
  3.34501e-20  3.22201e-20  3.09880e-20  2.97549e-20  2.85221e-20  2.72908e-20
  2.60621e-20  2.48371e-20  2.36171e-20  2.24030e-20  2.11959e-20  1.99968e-20
  1.88067e-20  1.76265e-20  1.64572e-20  1.52996e-20  1.41546e-20  1.30229e-20
  1.19055e-20  1.08030e-20  9.71614e-21  8.64564e-21  7.59213e-21  6.55624e-21
  5.53857e-21  4.53968e-21  3.56008e-21  2.60029e-21  1.66076e-21  7.41927e-22
 -1.55800e-22 -1.03205e-21 -1.88648e-21 -2.71877e-21 -3.52864e-21 -4.31582e-21
 -5.08010e-21 -5.82127e-21 -6.53916e-21 -7.23362e-21 -7.90452e-21 -8.55178e-21
 -9.17533e-21 -9.77511e-21 -1.03511e-20 -1.09033e-20 -1.14318e-20 -1.19366e-20
 -1.24177e-20 -1.28753e-20 -1.33095e-20 -1.37204e-20 -1.41081e-20 -1.44729e-20
 -1.48149e-20 -1.51343e-20 -1.54314e-20 -1.57064e-20 -1.59595e-20 -1.61911e-20
 -1.64013e-20 -1.65906e-20 -1.67592e-20 -1.69074e-20 -1.70357e-20 -1.71443e-20
 -1.72336e-20 -1.73039e-20 -1.73557e-20 -1.73894e-20 -1.74053e-20 -1.74038e-20
 -1.73854e-20 -1.73505e-20 -1.72995e-20 -1.72329e-20 -1.71510e-20 -1.70544e-20
 -1.69434e-20 -1.68185e-20 -1.66802e-20 -1.65289e-20 -1.63651e-20 -1.61892e-20
 -1.60017e-20 -1.58031e-20 -1.55937e-20 -1.53742e-20 -1.51448e-20 -1.49062e-20
 -1.46586e-20 -1.44027e-20 -1.41388e-20 -1.38673e-20 -1.35888e-20 -1.33037e-20
 -1.30124e-20 -1.27153e-20 -1.24128e-20 -1.21054e-20 -1.17936e-20 -1.14776e-20
 -1.11580e-20 -1.08350e-20 -1.05092e-20 -1.01809e-20 -9.85039e-21 -9.51817e-21
 -9.18456e-21 -8.84992e-21 -8.51459e-21 -8.17893e-21 -7.84327e-21 -7.50793e-21
 -7.17324e-21 -6.83950e-21 -6.50702e-21 -6.17610e-21 -5.84701e-21 -5.52004e-21
 -5.19545e-21 -4.87351e-21 -4.55446e-21 -4.23855e-21 -3.92601e-21 -3.61707e-21
 -3.31194e-21 -3.01082e-21 -2.71393e-21 -2.42144e-21 -2.13354e-21 -1.85039e-21
 -1.57217e-21 -1.29903e-21 -1.03110e-21 -7.68540e-22 -5.11464e-22 -2.59996e-22
 -1.42475e-23  2.25677e-22  4.59681e-22  6.87679e-22  9.09589e-22  1.12534e-21
  1.33487e-21  1.53812e-21  1.73504e-21  1.92560e-21  2.10974e-21  2.28746e-21
  2.45872e-21  2.62352e-21  2.78185e-21  2.93370e-21  3.07908e-21  3.21801e-21
  3.35049e-21  3.47657e-21  3.59626e-21  3.70959e-21  3.81662e-21  3.91739e-21
  4.01194e-21  4.10033e-21  4.18262e-21  4.25888e-21  4.32918e-21  4.39358e-21
  4.45217e-21  4.50503e-21  4.55223e-21  4.59388e-21  4.63006e-21  4.66086e-21
  4.68639e-21  4.70674e-21  4.72201e-21  4.73232e-21  4.73777e-21  4.73847e-21
  4.73454e-21  4.72607e-21  4.71321e-21  4.69605e-21  4.67472e-21  4.64933e-21
  4.62002e-21  4.58690e-21  4.55009e-21  4.50972e-21  4.46591e-21  4.41878e-21
  4.36847e-21  4.31509e-21  4.25877e-21  4.19964e-21  4.13782e-21  4.07343e-21
  4.00659e-21  3.93744e-21  3.86609e-21  3.79267e-21  3.71729e-21  3.64008e-21
  3.56115e-21  3.48062e-21  3.39861e-21  3.31524e-21  3.23061e-21  3.14485e-21
  3.05805e-21  2.97034e-21  2.88181e-21  2.79258e-21  2.70274e-21  2.61240e-21
  2.52165e-21  2.43061e-21  2.33936e-21  2.24799e-21  2.15660e-21  2.06528e-21
  1.97412e-21  1.88320e-21  1.79260e-21  1.70240e-21  1.61269e-21  1.52353e-21
  1.43501e-21  1.34719e-21  1.26014e-21  1.17393e-21  1.08863e-21  1.00429e-21
  9.20973e-22  8.38738e-22  7.57639e-22  6.77728e-22  5.99054e-22  5.21665e-22
  4.45605e-22  3.70918e-22  2.97643e-22  2.25819e-22  1.55481e-22  8.66620e-23
  1.93933e-23 -4.62962e-23 -1.10380e-22 -1.72834e-22 -2.33636e-22 -2.92766e-22
 -3.50205e-22 -4.05939e-22 -4.59952e-22 -5.12234e-22 -5.62775e-22 -6.11566e-22
 -6.58601e-22 -7.03878e-22 -7.47392e-22 -7.89143e-22 -8.29134e-22 -8.67365e-22
 -9.03843e-22 -9.38573e-22 -9.71563e-22 -1.00282e-21 -1.03236e-21 -1.06019e-21
 -1.08632e-21 -1.11078e-21 -1.13357e-21 -1.15471e-21 -1.17423e-21 -1.19213e-21
 -1.20845e-21 -1.22320e-21 -1.23641e-21 -1.24810e-21 -1.25830e-21 -1.26702e-21
 -1.27431e-21 -1.28017e-21 -1.28465e-21 -1.28777e-21 -1.28957e-21 -1.29006e-21
 -1.28928e-21 -1.28726e-21 -1.28403e-21 -1.27963e-21 -1.27409e-21 -1.26743e-21
 -1.25970e-21 -1.25092e-21 -1.24113e-21 -1.23037e-21 -1.21866e-21 -1.20604e-21
 -1.19254e-21 -1.17820e-21 -1.16305e-21 -1.14713e-21 -1.13047e-21 -1.11310e-21
 -1.09506e-21 -1.07638e-21 -1.05709e-21 -1.03723e-21 -1.01683e-21 -9.95925e-22
 -9.74544e-22 -9.52721e-22 -9.30487e-22 -9.07874e-22 -8.84913e-22 -8.61634e-22
 -8.38068e-22 -8.14245e-22 -7.90193e-22 -7.65943e-22 -7.41521e-22 -7.16957e-22
 -6.92277e-22 -6.67508e-22 -6.42677e-22 -6.17808e-22 -5.92929e-22 -5.68061e-22
 -5.43231e-22 -5.18461e-22 -4.93774e-22 -4.69191e-22 -4.44735e-22 -4.20427e-22
 -3.96285e-22 -3.72331e-22 -3.48583e-22 -3.25059e-22 -3.01777e-22 -2.78754e-22
 -2.56005e-22 -2.33548e-22 -2.11396e-22 -1.89564e-22 -1.68066e-22 -1.46915e-22
 -1.26123e-22 -1.05702e-22 -8.56634e-23 -6.60170e-23 -4.67728e-23 -2.79402e-23
 -9.52778e-24  8.45658e-24  2.60055e-23  4.31121e-23  5.97703e-23  7.59746e-23
  9.17198e-23  1.07001e-22  1.21816e-22  1.36160e-22  1.50030e-22  1.63424e-22
  1.76341e-22  1.88779e-22  2.00737e-22  2.12216e-22  2.23215e-22  2.33735e-22
  2.43777e-22  2.53343e-22  2.62435e-22  2.71054e-22  2.79205e-22  2.86890e-22
  2.94112e-22  3.00876e-22  3.07186e-22  3.13047e-22  3.18463e-22  3.23440e-22
  3.27983e-22  3.32098e-22  3.35792e-22  3.39071e-22  3.41941e-22  3.44409e-22
  3.46483e-22  3.48170e-22  3.49477e-22  3.50412e-22  3.50984e-22  3.51200e-22
  3.51068e-22  3.50596e-22  3.49794e-22  3.48671e-22  3.47233e-22  3.45492e-22
  3.43454e-22  3.41131e-22  3.38529e-22  3.35660e-22  3.32531e-22  3.29152e-22
  3.25533e-22  3.21682e-22  3.17609e-22  3.13323e-22  3.08833e-22  3.04149e-22
  2.99279e-22  2.94234e-22  2.89021e-22  2.83650e-22  2.78130e-22  2.72470e-22
  2.66679e-22  2.60765e-22  2.54738e-22  2.48605e-22  2.42376e-22  2.36058e-22
  2.29660e-22  2.23190e-22  2.16656e-22  2.10066e-22  2.03428e-22  1.96749e-22
  1.90037e-22  1.83299e-22  1.76542e-22  1.69774e-22  1.63001e-22  1.56230e-22
  1.49467e-22  1.42720e-22  1.35993e-22  1.29294e-22  1.22627e-22  1.16000e-22
  1.09416e-22  1.02883e-22  9.64040e-23  8.99852e-23  8.36312e-23  7.73465e-23
  7.11357e-23  6.50030e-23  5.89527e-23  5.29886e-23  4.71145e-23  4.13340e-23
  3.56505e-23  3.00672e-23  2.45873e-23  1.92136e-23  1.39488e-23  8.79541e-24
  3.75590e-24 -1.16755e-24 -5.97291e-24 -1.06583e-23 -1.52220e-23 -1.96624e-23
 -2.39782e-23 -2.81680e-23 -3.22309e-23 -3.61658e-23 -3.99720e-23 -4.36488e-23
 -4.71956e-23 -5.06122e-23 -5.38983e-23 -5.70538e-23 -6.00786e-23 -6.29730e-23
 -6.57373e-23 -6.83718e-23 -7.08770e-23 -7.32536e-23 -7.55023e-23 -7.76239e-23
 -7.96195e-23 -8.14900e-23 -8.32366e-23 -8.48606e-23 -8.63632e-23 -8.77459e-23
 -8.90102e-23 -9.01576e-23 -9.11899e-23 -9.21088e-23 -9.29160e-23 -9.36134e-23
 -9.42029e-23 -9.46866e-23 -9.50665e-23 -9.53446e-23 -9.55232e-23 -9.56043e-23
 -9.55903e-23 -9.54834e-23 -9.52860e-23 -9.50003e-23 -9.46287e-23 -9.41738e-23
 -9.36377e-23 -9.30232e-23 -9.23324e-23 -9.15681e-23 -9.07326e-23 -8.98285e-23
 -8.88583e-23 -8.78245e-23 -8.67296e-23 -8.55761e-23 -8.43666e-23 -8.31035e-23
 -8.17894e-23 -8.04267e-23 -7.90181e-23 -7.75658e-23 -7.60723e-23 -7.45402e-23
 -7.29718e-23 -7.13694e-23 -6.97356e-23 -6.80725e-23 -6.63826e-23 -6.46681e-23
 -6.29312e-23 -6.11743e-23 -5.93994e-23 -5.76088e-23 -5.58045e-23 -5.39887e-23
 -5.21633e-23 -5.03305e-23 -4.84921e-23 -4.66501e-23 -4.48063e-23 -4.29627e-23
 -4.11210e-23 -3.92829e-23 -3.74502e-23 -3.56244e-23 -3.38074e-23 -3.20005e-23
 -3.02053e-23 -2.84234e-23 -2.66560e-23 -2.49046e-23 -2.31706e-23 -2.14551e-23
 -1.97595e-23 -1.80849e-23 -1.64324e-23 -1.48032e-23 -1.31982e-23 -1.16185e-23
 -1.00650e-23 -8.53857e-24 -7.04007e-24 -5.57032e-24 -4.13004e-24 -2.71995e-24
 -1.34070e-24  7.08474e-27  1.32285e-24  2.60607e-24  3.85626e-24  5.07299e-24
  6.25588e-24  7.40456e-24  8.51874e-24  9.59814e-24  1.06425e-23  1.16517e-23
  1.26256e-23  1.35640e-23  1.44670e-23  1.53343e-23  1.61661e-23  1.69624e-23
  1.77232e-23  1.84486e-23  1.91389e-23  1.97940e-23  2.04144e-23  2.10000e-23
  2.15513e-23  2.20684e-23  2.25518e-23  2.30017e-23  2.34184e-23  2.38025e-23
  2.41542e-23  2.44739e-23  2.47623e-23  2.50196e-23  2.52464e-23  2.54432e-23
  2.56105e-23  2.57489e-23  2.58589e-23  2.59410e-23  2.59959e-23  2.60242e-23
  2.60264e-23  2.60031e-23  2.59551e-23  2.58829e-23  2.57871e-23  2.56685e-23
  2.55277e-23  2.53653e-23  2.51821e-23  2.49786e-23  2.47557e-23  2.45138e-23
  2.42539e-23  2.39764e-23  2.36822e-23  2.33718e-23  2.30460e-23  2.27055e-23
  2.23510e-23  2.19831e-23  2.16024e-23  2.12098e-23  2.08058e-23  2.03911e-23
  1.99663e-23  1.95322e-23  1.90894e-23  1.86385e-23  1.81800e-23  1.77148e-23
  1.72433e-23  1.67663e-23  1.62842e-23  1.57976e-23  1.53073e-23  1.48136e-23
  1.43172e-23  1.38187e-23  1.33185e-23  1.28173e-23  1.23154e-23  1.18134e-23
  1.13119e-23  1.08112e-23  1.03119e-23  9.81438e-24  9.31911e-24  8.82653e-24
  8.33704e-24  7.85104e-24  7.36894e-24  6.89110e-24  6.41789e-24  5.94967e-24
  5.48676e-24  5.02951e-24  4.57821e-24  4.13316e-24  3.69466e-24  3.26297e-24
  2.83836e-24  2.42106e-24  2.01132e-24  1.60935e-24  1.21536e-24  8.29538e-25
  4.52077e-25  8.31410e-26 -2.77111e-25 -6.28536e-25 -9.70999e-25 -1.30438e-24
 -1.62857e-24 -1.94347e-24 -2.24899e-24 -2.54507e-24 -2.83163e-24 -3.10862e-24
 -3.37599e-24 -3.63373e-24 -3.88180e-24 -4.12019e-24 -4.34890e-24 -4.56793e-24
 -4.77731e-24 -4.97705e-24 -5.16720e-24 -5.34779e-24 -5.51888e-24 -5.68052e-24
 -5.83278e-24 -5.97574e-24 -6.10947e-24 -6.23407e-24 -6.34962e-24 -6.45625e-24
 -6.55404e-24 -6.64312e-24 -6.72360e-24 -6.79562e-24 -6.85930e-24 -6.91478e-24
 -6.96219e-24 -7.00169e-24 -7.03343e-24 -7.05755e-24 -7.07422e-24 -7.08359e-24
 -7.08583e-24 -7.08111e-24 -7.06959e-24 -7.05146e-24 -7.02688e-24 -6.99603e-24
 -6.95909e-24 -6.91625e-24 -6.86767e-24 -6.81356e-24 -6.75408e-24 -6.68943e-24
 -6.61980e-24 -6.54536e-24 -6.46631e-24 -6.38283e-24 -6.29511e-24 -6.20333e-24
 -6.10768e-24 -6.00836e-24 -5.90553e-24 -5.79938e-24 -5.69011e-24 -5.57787e-24
 -5.46287e-24 -5.34527e-24 -5.22525e-24 -5.10299e-24 -4.97866e-24 -4.85242e-24
 -4.72445e-24 -4.59491e-24 -4.46397e-24 -4.33179e-24 -4.19853e-24 -4.06433e-24
 -3.92936e-24 -3.79377e-24 -3.65769e-24 -3.52128e-24 -3.38468e-24 -3.24803e-24
 -3.11145e-24 -2.97508e-24 -2.83905e-24 -2.70348e-24 -2.56850e-24 -2.43422e-24
 -2.30075e-24 -2.16822e-24 -2.03671e-24 -1.90635e-24 -1.77722e-24 -1.64942e-24
 -1.52306e-24 -1.39821e-24 -1.27496e-24 -1.15340e-24 -1.03360e-24 -9.15636e-25
 -7.99583e-25 -6.85508e-25 -5.73474e-25 -4.63542e-25 -3.55770e-25 -2.50211e-25
 -1.46915e-25 -4.59304e-26  5.27005e-26  1.48937e-25  2.42742e-25  3.34082e-25
  4.22926e-25  5.09248e-25  5.93022e-25  6.74228e-25  7.52847e-25  8.28864e-25
  9.02268e-25  9.73047e-25  1.04120e-24  1.10671e-24  1.16959e-24  1.22984e-24
  1.28745e-24  1.34244e-24  1.39482e-24  1.44459e-24  1.49177e-24  1.53637e-24
  1.57842e-24  1.61793e-24  1.65492e-24  1.68942e-24  1.72146e-24  1.75105e-24
  1.77823e-24  1.80303e-24  1.82549e-24  1.84563e-24  1.86349e-24  1.87912e-24
  1.89254e-24  1.90379e-24  1.91292e-24  1.91997e-24  1.92498e-24  1.92799e-24
  1.92905e-24  1.92820e-24  1.92550e-24  1.92098e-24  1.91469e-24  1.90669e-24
  1.89702e-24  1.88573e-24  1.87286e-24  1.85848e-24  1.84262e-24  1.82535e-24
  1.80671e-24  1.78674e-24  1.76551e-24  1.74306e-24  1.71945e-24  1.69472e-24
  1.66892e-24  1.64211e-24  1.61433e-24  1.58564e-24  1.55609e-24  1.52572e-24
  1.49458e-24  1.46273e-24  1.43021e-24  1.39706e-24  1.36334e-24  1.32909e-24
  1.29436e-24  1.25919e-24  1.22363e-24  1.18772e-24  1.15151e-24  1.11503e-24
  1.07833e-24  1.04145e-24  1.00444e-24  9.67319e-25  9.30140e-25  8.92937e-25
  8.55747e-25  8.18606e-25  7.81549e-25  7.44610e-25  7.07823e-25  6.71219e-25
  6.34830e-25  5.98687e-25  5.62818e-25  5.27253e-25  4.92018e-25  4.57141e-25
  4.22646e-25  3.88559e-25  3.54902e-25  3.21699e-25  2.88971e-25  2.56739e-25
  2.25022e-25  1.93839e-25  1.63207e-25  1.33145e-25  1.03666e-25  7.47869e-26
  4.65207e-26  1.88807e-26 -8.12122e-27 -3.44737e-26 -6.01666e-26 -8.51905e-26
 -1.09537e-25 -1.33198e-25 -1.56167e-25 -1.78439e-25 -2.00007e-25 -2.20868e-25
 -2.41017e-25 -2.60454e-25 -2.79174e-25 -2.97178e-25 -3.14464e-25 -3.31032e-25
 -3.46885e-25 -3.62022e-25 -3.76447e-25 -3.90162e-25 -4.03171e-25 -4.15478e-25
 -4.27087e-25 -4.38004e-25 -4.48234e-25 -4.57785e-25 -4.66662e-25 -4.74873e-25
 -4.82426e-25 -4.89329e-25 -4.95591e-25 -5.01221e-25 -5.06228e-25 -5.10623e-25
 -5.14415e-25 -5.17616e-25 -5.20236e-25 -5.22286e-25 -5.23778e-25 -5.24725e-25
 -5.25137e-25 -5.25027e-25 -5.24407e-25 -5.23291e-25 -5.21692e-25 -5.19621e-25
 -5.17093e-25 -5.14121e-25 -5.10718e-25 -5.06898e-25 -5.02674e-25 -4.98060e-25
 -4.93071e-25 -4.87719e-25 -4.82018e-25 -4.75983e-25 -4.69628e-25 -4.62965e-25
 -4.56009e-25 -4.48773e-25 -4.41272e-25 -4.33519e-25 -4.25527e-25 -4.17310e-25
 -4.08881e-25 -4.00254e-25 -3.91442e-25 -3.82457e-25 -3.73312e-25 -3.64021e-25
 -3.54595e-25 -3.45048e-25 -3.35391e-25 -3.25636e-25 -3.15796e-25 -3.05881e-25
 -2.95903e-25 -2.85874e-25 -2.75805e-25 -2.65706e-25 -2.55587e-25 -2.45460e-25
 -2.35334e-25 -2.25218e-25 -2.15124e-25 -2.05060e-25 -1.95034e-25 -1.85057e-25
 -1.75136e-25 -1.65280e-25 -1.55497e-25 -1.45795e-25 -1.36181e-25 -1.26663e-25
 -1.17247e-25 -1.07941e-25 -9.87504e-26 -8.96819e-26 -8.07414e-26 -7.19345e-26
 -6.32666e-26 -5.47430e-26 -4.63685e-26 -3.81477e-26 -3.00850e-26 -2.21845e-26
 -1.44500e-26 -6.88518e-27  5.06650e-28  7.72239e-27  1.47592e-26  2.16144e-26
  2.82858e-26  3.47710e-26  4.10683e-26  4.71759e-26  5.30925e-26  5.88167e-26
  6.43476e-26  6.96844e-26  7.48264e-26  7.97733e-26  8.45249e-26  8.90812e-26
  9.34424e-26  9.76089e-26  1.01581e-25  1.05360e-25  1.08946e-25  1.12341e-25
  1.15546e-25  1.18562e-25  1.21391e-25  1.24034e-25  1.26493e-25  1.28771e-25
  1.30869e-25  1.32789e-25  1.34534e-25  1.36107e-25  1.37510e-25  1.38745e-25
  1.39816e-25  1.40724e-25  1.41474e-25  1.42068e-25  1.42510e-25  1.42802e-25
  1.42948e-25  1.42951e-25  1.42815e-25  1.42542e-25  1.42137e-25  1.41603e-25
  1.40944e-25  1.40163e-25  1.39263e-25  1.38249e-25  1.37125e-25  1.35894e-25
  1.34559e-25  1.33125e-25  1.31595e-25  1.29973e-25  1.28262e-25  1.26468e-25
  1.24593e-25  1.22640e-25  1.20615e-25  1.18520e-25  1.16359e-25  1.14136e-25
  1.11855e-25  1.09518e-25  1.07131e-25  1.04695e-25  1.02216e-25  9.96954e-26
  9.71377e-26  9.45460e-26  9.19237e-26  8.92740e-26  8.66003e-26  8.39056e-26
  8.11931e-26  7.84658e-26  7.57269e-26  7.29791e-26  7.02254e-26  6.74687e-26
  6.47117e-26  6.19571e-26  5.92075e-26  5.64654e-26  5.37335e-26  5.10140e-26
  4.83095e-26  4.56220e-26  4.29539e-26  4.03073e-26  3.76842e-26  3.50868e-26
  3.25168e-26  2.99761e-26  2.74666e-26  2.49899e-26  2.25477e-26  2.01415e-26
  1.77728e-26  1.54431e-26  1.31536e-26  1.09058e-26  8.70063e-27  6.53940e-27
  4.42314e-27  2.35283e-27  3.29418e-28 -1.64625e-27 -3.57338e-27 -5.45125e-27
 -7.27919e-27 -9.05661e-27 -1.07830e-26 -1.24578e-26 -1.40807e-26 -1.56513e-26
 -1.71694e-26 -1.86346e-26 -2.00469e-26 -2.14060e-26 -2.27120e-26 -2.39649e-26
 -2.51646e-26 -2.63112e-26 -2.74050e-26 -2.84460e-26 -2.94346e-26 -3.03710e-26
 -3.12555e-26 -3.20886e-26 -3.28706e-26 -3.36019e-26 -3.42831e-26 -3.49147e-26
 -3.54972e-26 -3.60313e-26 -3.65175e-26 -3.69566e-26 -3.73492e-26 -3.76961e-26
 -3.79980e-26 -3.82556e-26 -3.84699e-26 -3.86415e-26 -3.87714e-26 -3.88603e-26
 -3.89093e-26 -3.89192e-26 -3.88908e-26 -3.88253e-26 -3.87234e-26 -3.85861e-26
 -3.84146e-26 -3.82096e-26 -3.79722e-26 -3.77035e-26 -3.74044e-26 -3.70759e-26
 -3.67190e-26 -3.63348e-26 -3.59244e-26 -3.54886e-26 -3.50286e-26 -3.45454e-26
 -3.40399e-26 -3.35133e-26 -3.29665e-26 -3.24005e-26 -3.18164e-26 -3.12151e-26
 -3.05977e-26 -2.99652e-26 -2.93184e-26 -2.86584e-26 -2.79861e-26 -2.73025e-26
 -2.66086e-26 -2.59052e-26 -2.51932e-26 -2.44736e-26 -2.37472e-26 -2.30149e-26
 -2.22775e-26 -2.15360e-26 -2.07911e-26 -2.00435e-26 -1.92943e-26 -1.85440e-26
 -1.77934e-26 -1.70433e-26 -1.62944e-26 -1.55475e-26 -1.48031e-26 -1.40619e-26
 -1.33247e-26 -1.25920e-26 -1.18644e-26 -1.11425e-26 -1.04269e-26 -9.71816e-27
 -9.01676e-27 -8.32324e-27 -7.63808e-27 -6.96175e-27 -6.29470e-27 -5.63736e-27
 -4.99013e-27 -4.35342e-27 -3.72760e-27 -3.11300e-27 -2.50997e-27 -1.91883e-27
 -1.33985e-27 -7.73326e-28 -2.19507e-28  3.21369e-28  8.49081e-28  1.36343e-27
  1.86422e-27  2.35130e-27  2.82452e-27  3.28374e-27  3.72885e-27  4.15974e-27
  4.57634e-27  4.97858e-27  5.36641e-27  5.73980e-27  6.09871e-27  6.44315e-27
  6.77313e-27  7.08866e-27  7.38979e-27  7.67655e-27  7.94902e-27  8.20726e-27
  8.45136e-27  8.68143e-27  8.89756e-27  9.09988e-27  9.28853e-27  9.46364e-27
  9.62535e-27  9.77385e-27  9.90928e-27  1.00318e-26  1.01417e-26  1.02391e-26
  1.03241e-26  1.03971e-26  1.04582e-26  1.05077e-26  1.05458e-26  1.05726e-26
  1.05885e-26  1.05938e-26  1.05885e-26  1.05731e-26  1.05477e-26  1.05127e-26
  1.04682e-26  1.04146e-26  1.03521e-26  1.02810e-26  1.02016e-26  1.01141e-26
  1.00188e-26  9.91606e-27  9.80607e-27  9.68913e-27  9.56554e-27  9.43555e-27
  9.29946e-27  9.15754e-27  9.01007e-27  8.85732e-27  8.69957e-27  8.53709e-27
  8.37015e-27  8.19903e-27  8.02398e-27  7.84527e-27  7.66316e-27  7.47792e-27
  7.28979e-27  7.09903e-27  6.90589e-27  6.71061e-27  6.51343e-27  6.31459e-27
  6.11433e-27  5.91287e-27  5.71044e-27  5.50726e-27  5.30354e-27  5.09950e-27
  4.89534e-27  4.69127e-27  4.48748e-27  4.28416e-27  4.08151e-27  3.87969e-27
  3.67890e-27  3.47930e-27  3.28106e-27  3.08433e-27  2.88928e-27  2.69606e-27
  2.50480e-27  2.31566e-27  2.12876e-27  1.94423e-27  1.76219e-27  1.58277e-27
  1.40608e-27  1.23222e-27  1.06130e-27  8.93412e-28  7.28649e-28  5.67096e-28
  4.08834e-28  2.53941e-28  1.02487e-28 -4.54631e-29 -1.89848e-28 -3.30611e-28
 -4.67703e-28 -6.01076e-28 -7.30690e-28 -8.56507e-28 -9.78496e-28 -1.09663e-27
 -1.21088e-27 -1.32123e-27 -1.42768e-27 -1.53019e-27 -1.62878e-27 -1.72344e-27
 -1.81416e-27 -1.90096e-27 -1.98384e-27 -2.06282e-27 -2.13791e-27 -2.20914e-27
 -2.27651e-27 -2.34007e-27 -2.39984e-27 -2.45586e-27 -2.50815e-27 -2.55675e-27
 -2.60171e-27 -2.64308e-27 -2.68088e-27 -2.71518e-27 -2.74603e-27 -2.77347e-27
 -2.79756e-27 -2.81836e-27 -2.83593e-27 -2.85032e-27 -2.86161e-27 -2.86984e-27
 -2.87509e-27 -2.87743e-27 -2.87692e-27 -2.87362e-27 -2.86762e-27 -2.85898e-27
 -2.84777e-27 -2.83406e-27 -2.81794e-27 -2.79946e-27 -2.77872e-27 -2.75577e-27
 -2.73070e-27 -2.70359e-27 -2.67450e-27 -2.64352e-27 -2.61071e-27 -2.57616e-27
 -2.53995e-27 -2.50214e-27 -2.46281e-27 -2.42204e-27 -2.37990e-27 -2.33646e-27
 -2.29181e-27 -2.24601e-27 -2.19913e-27 -2.15125e-27 -2.10244e-27 -2.05277e-27
 -2.00230e-27 -1.95111e-27 -1.89927e-27 -1.84683e-27 -1.79387e-27 -1.74045e-27
 -1.68663e-27 -1.63248e-27 -1.57805e-27 -1.52341e-27 -1.46862e-27 -1.41373e-27
 -1.35879e-27 -1.30387e-27 -1.24902e-27 -1.19428e-27 -1.13971e-27 -1.08536e-27
 -1.03128e-27 -9.77505e-28 -9.24091e-28 -8.71077e-28 -8.18505e-28 -7.66417e-28
 -7.14851e-28 -6.63844e-28 -6.13434e-28 -5.63654e-28 -5.14538e-28 -4.66118e-28
 -4.18423e-28 -3.71482e-28 -3.25323e-28 -2.79971e-28 -2.35451e-28 -1.91786e-28
 -1.48997e-28 -1.07104e-28 -6.61260e-29 -2.60805e-29  1.30168e-29  5.11512e-29
  8.83095e-29  1.24480e-28  1.59651e-28  1.93815e-28  2.26963e-28  2.59087e-28
  2.90183e-28  3.20245e-28  3.49272e-28  3.77259e-28  4.04207e-28  4.30115e-28
  4.54984e-28  4.78817e-28  5.01617e-28  5.23388e-28  5.44134e-28  5.63862e-28
  5.82579e-28  6.00293e-28  6.17011e-28  6.32745e-28  6.47503e-28  6.61296e-28
  6.74137e-28  6.86038e-28  6.97012e-28  7.07072e-28  7.16233e-28  7.24509e-28
  7.31916e-28  7.38470e-28  7.44188e-28  7.49085e-28  7.53180e-28  7.56490e-28
  7.59033e-28  7.60828e-28  7.61893e-28  7.62248e-28  7.61911e-28  7.60902e-28
  7.59241e-28  7.56948e-28  7.54043e-28  7.50546e-28  7.46477e-28  7.41857e-28
  7.36706e-28  7.31045e-28  7.24894e-28  7.18274e-28  7.11205e-28  7.03708e-28
  6.95802e-28  6.87509e-28  6.78848e-28  6.69839e-28  6.60503e-28  6.50858e-28
  6.40925e-28  6.30722e-28  6.20269e-28  6.09585e-28  5.98687e-28  5.87595e-28
  5.76326e-28  5.64899e-28  5.53329e-28  5.41636e-28  5.29834e-28  5.17942e-28
  5.05974e-28  4.93947e-28  4.81875e-28  4.69775e-28  4.57660e-28  4.45544e-28
  4.33442e-28  4.21366e-28  4.09330e-28  3.97346e-28  3.85426e-28  3.73582e-28
  3.61825e-28  3.50166e-28  3.38615e-28  3.27183e-28  3.15877e-28  3.04709e-28
  2.93686e-28  2.82816e-28  2.72107e-28  2.61566e-28  2.51201e-28  2.41017e-28
  2.31020e-28  2.21217e-28  2.11612e-28  2.02210e-28  1.93015e-28  1.84030e-28
  1.75261e-28  1.66709e-28  1.58376e-28  1.50267e-28  1.42381e-28  1.34722e-28
  1.27289e-28  1.20084e-28  1.13108e-28  1.06359e-28  9.98391e-29  9.35462e-29
  8.74800e-29  8.16391e-29  7.60221e-29  7.06272e-29  6.54525e-29  6.04955e-29
  5.57537e-29  5.12244e-29  4.69043e-29  4.27903e-29  3.88789e-29  3.51664e-29
  3.16488e-29  2.83222e-29  2.51823e-29  2.22248e-29  1.94450e-29  1.68384e-29
  1.44001e-29  1.21253e-29  1.00090e-29  8.04598e-30  6.23122e-30  4.55946e-30
  3.02541e-30  1.62376e-30  3.49146e-31 -8.03792e-31 -1.84044e-30 -2.76619e-30
 -3.58639e-30 -4.30641e-30 -4.93157e-30 -5.46712e-30 -5.91831e-30 -6.29029e-30
 -6.58816e-30 -6.81692e-30 -6.98151e-30 -7.08676e-30 -7.13739e-30 -7.13801e-30
 -7.09312e-30 -7.00708e-30 -6.88412e-30 -6.72834e-30 -6.54367e-30 -6.33393e-30
 -6.10273e-30 -5.85356e-30 -5.58972e-30 -5.31435e-30 -5.03041e-30 -4.74070e-30
 -4.44781e-30 -4.15417e-30 -3.86204e-30 -3.57346e-30 -3.29031e-30 -3.01429e-30
 -2.74690e-30 -2.48947e-30 -2.24315e-30 -2.00891e-30 -1.78754e-30 -1.57967e-30
 -1.38577e-30 -1.20612e-30 -1.04088e-30 -8.90048e-31 -7.53476e-31 -6.30891e-31
 -5.21894e-31 -4.25973e-31 -3.42510e-31 -2.70795e-31 -2.10039e-31 -1.59384e-31
 -1.17915e-31 -8.46809e-32 -5.87025e-32 -3.89935e-32 -2.45752e-32 -1.44951e-32
 -7.84597e-33 -3.78481e-33 -1.55423e-33 -5.03745e-34 -1.12472e-34 -1.26722e-35
