AAA-fz cos
2000 0.080000 0 0 0.0 0.0 0.0 0.0
 -0.00000e+00 -1.20323e-08 -5.12073e-08 -1.22102e-07 -2.29203e-07 -3.76859e-07
 -5.69228e-07 -8.10233e-07 -1.10350e-06 -1.45231e-06 -1.85955e-06 -2.32765e-06
 -2.85852e-06 -3.45353e-06 -4.11342e-06 -4.83826e-06 -5.62743e-06 -6.47951e-06
 -7.39228e-06 -8.36267e-06 -9.38673e-06 -1.04595e-05 -1.15753e-05 -1.27270e-05
 -1.39069e-05 -1.51061e-05 -1.63147e-05 -1.75215e-05 -1.87147e-05 -1.98810e-05
 -2.10064e-05 -2.20757e-05 -2.30728e-05 -2.39806e-05 -2.47813e-05 -2.54559e-05
 -2.59849e-05 -2.63479e-05 -2.65240e-05 -2.64917e-05 -2.62290e-05 -2.57136e-05
 -2.49228e-05 -2.38339e-05 -2.24243e-05 -2.06712e-05 -1.85524e-05 -1.60459e-05
 -1.31303e-05 -9.78502e-06 -5.99016e-06 -1.72703e-06  3.02191e-06  8.27282e-06
  1.40403e-05  2.03372e-05  2.71745e-05  3.45611e-05  4.25036e-05  5.10063e-05
  6.00708e-05  6.96960e-05  7.98780e-05  9.06096e-05  1.01881e-04  1.13678e-04
  1.25984e-04  1.38779e-04  1.52038e-04  1.65735e-04  1.79836e-04  1.94307e-04
  2.09109e-04  2.24198e-04  2.39527e-04  2.55046e-04  2.70701e-04  2.86432e-04
  3.02177e-04  3.17872e-04  3.33448e-04  3.48831e-04  3.63947e-04  3.78717e-04
  3.93061e-04  4.06896e-04  4.20135e-04  4.32692e-04  4.44478e-04  4.55403e-04
  4.65375e-04  4.74304e-04  4.82097e-04  4.88663e-04  4.93912e-04  4.97754e-04
  5.00101e-04  5.00868e-04  4.99970e-04  4.97329e-04  4.92866e-04  4.86509e-04
  4.78189e-04  4.67843e-04  4.55413e-04  4.40845e-04  4.24096e-04  4.05124e-04
  3.83898e-04  3.60394e-04  3.34596e-04  3.06494e-04  2.76091e-04  2.43397e-04
  2.08429e-04  1.71219e-04  1.31803e-04  9.02310e-05  4.65621e-05  8.65339e-07
 -4.67795e-05 -9.62826e-05 -1.47544e-04 -2.00452e-04 -2.54887e-04 -3.10768e-04
 -3.68041e-04 -4.26613e-04 -4.86385e-04 -5.47250e-04 -6.09095e-04 -6.71797e-04
 -7.35231e-04 -7.99260e-04 -8.63745e-04 -9.28536e-04 -9.93479e-04 -1.05841e-03
 -1.12317e-03 -1.18758e-03 -1.25146e-03 -1.31462e-03 -1.37689e-03 -1.43805e-03
 -1.49791e-03 -1.55626e-03 -1.61290e-03 -1.66762e-03 -1.72019e-03 -1.77040e-03
 -1.81803e-03 -1.86285e-03 -1.90463e-03 -1.94316e-03 -1.97821e-03 -2.00954e-03
 -2.03694e-03 -2.06018e-03 -2.07904e-03 -2.09329e-03 -2.10272e-03 -2.10712e-03
 -2.10629e-03 -2.10001e-03 -2.08809e-03 -2.07034e-03 -2.04659e-03 -2.01665e-03
 -1.98037e-03 -1.93758e-03 -1.88815e-03 -1.83194e-03 -1.76883e-03 -1.69872e-03
 -1.62152e-03 -1.53713e-03 -1.44551e-03 -1.34661e-03 -1.24040e-03 -1.12686e-03
 -1.00600e-03 -8.77850e-04 -7.42456e-04 -5.99882e-04 -4.50217e-04 -2.93570e-04
 -1.30072e-04  4.01212e-05  2.16832e-04  3.99859e-04  5.88975e-04  7.83931e-04
  9.84450e-04  1.19023e-03  1.40095e-03  1.61625e-03  1.83576e-03  2.05907e-03
  2.28576e-03  2.51536e-03  2.74741e-03  2.98138e-03  3.21677e-03  3.45300e-03
  3.68950e-03  3.92568e-03  4.16089e-03  4.39451e-03  4.62585e-03  4.85423e-03
  5.07895e-03  5.29927e-03  5.51445e-03  5.72373e-03  5.92634e-03  6.12149e-03
  6.30838e-03  6.48620e-03  6.65413e-03  6.81135e-03  6.95703e-03  7.09034e-03
  7.21044e-03  7.31650e-03  7.40770e-03  7.48321e-03  7.54222e-03  7.58393e-03
  7.60755e-03  7.61231e-03  7.59744e-03  7.56221e-03  7.50592e-03  7.42788e-03
  7.32743e-03  7.20396e-03  7.05688e-03  6.88564e-03  6.68973e-03  6.46869e-03
  6.22210e-03  5.94960e-03  5.65088e-03  5.32568e-03  4.97379e-03  4.59509e-03
  4.18951e-03  3.75703e-03  3.29773e-03  2.81175e-03  2.29929e-03  1.76066e-03
  1.19623e-03  6.06439e-04 -8.15502e-06 -6.46931e-04 -1.30917e-03 -1.99407e-03
 -2.70073e-03 -3.42816e-03 -4.17526e-03 -4.94086e-03 -5.72368e-03 -6.52233e-03
 -7.33534e-03 -8.16114e-03 -8.99806e-03 -9.84431e-03 -1.06980e-02 -1.15573e-02
 -1.24199e-02 -1.32839e-02 -1.41469e-02 -1.50066e-02 -1.58606e-02 -1.67063e-02
 -1.75411e-02 -1.83624e-02 -1.91675e-02 -1.99533e-02 -2.07172e-02 -2.14560e-02
 -2.21668e-02 -2.28464e-02 -2.34918e-02 -2.40997e-02 -2.46669e-02 -2.51902e-02
 -2.56662e-02 -2.60917e-02 -2.64633e-02 -2.67776e-02 -2.70315e-02 -2.72215e-02
 -2.73443e-02 -2.73967e-02 -2.73754e-02 -2.72772e-02 -2.70990e-02 -2.68377e-02
 -2.64902e-02 -2.60536e-02 -2.55250e-02 -2.49018e-02 -2.41812e-02 -2.33607e-02
 -2.24379e-02 -2.14106e-02 -2.02766e-02 -1.90340e-02 -1.76810e-02 -1.62159e-02
 -1.46373e-02 -1.29440e-02 -1.11349e-02 -9.20921e-03 -7.16635e-03 -5.00593e-03
 -2.72780e-03 -3.32068e-04  2.18090e-03  4.81049e-03  7.55582e-03  1.04157e-02
  1.33888e-02  1.64733e-02  1.96673e-02  2.29685e-02  2.63742e-02  2.98817e-02
  3.34878e-02  3.71890e-02  4.09815e-02  4.48614e-02  4.88243e-02  5.28655e-02
  5.69801e-02  6.11631e-02  6.54088e-02  6.97116e-02  7.40654e-02  7.84640e-02
  8.29009e-02  8.73694e-02  9.18625e-02  9.63730e-02  1.00894e-01  1.05417e-01
  1.09935e-01  1.14440e-01  1.18924e-01  1.23379e-01  1.27796e-01  1.32168e-01
  1.36486e-01  1.40741e-01  1.44926e-01  1.49032e-01  1.53050e-01  1.56972e-01
  1.60791e-01  1.64497e-01  1.68083e-01  1.71542e-01  1.74865e-01  1.78046e-01
  1.81076e-01  1.83950e-01  1.86660e-01  1.89200e-01  1.91565e-01  1.93748e-01
  1.95744e-01  1.97550e-01  1.99159e-01  2.00569e-01  2.01776e-01  2.02777e-01
  2.03570e-01  2.04151e-01  2.04521e-01  2.04678e-01  2.04622e-01  2.04352e-01
  2.03870e-01  2.03177e-01  2.02274e-01  2.01164e-01  1.99849e-01  1.98333e-01
  1.96620e-01  1.94713e-01  1.92617e-01  1.90337e-01  1.87879e-01  1.85248e-01
  1.82451e-01  1.79494e-01  1.76383e-01  1.73126e-01  1.69731e-01  1.66203e-01
  1.62553e-01  1.58786e-01  1.54912e-01  1.50937e-01  1.46872e-01  1.42724e-01
  1.38500e-01  1.34211e-01  1.29863e-01  1.25466e-01  1.21028e-01  1.16557e-01
  1.12061e-01  1.07548e-01  1.03026e-01  9.85036e-02  9.39873e-02  8.94851e-02
  8.50041e-02  8.05514e-02  7.61339e-02  7.17582e-02  6.74306e-02  6.31572e-02
  5.89440e-02  5.47964e-02  5.07200e-02  4.67195e-02  4.28000e-02  3.89657e-02
  3.52210e-02  3.15696e-02  2.80152e-02  2.45611e-02  2.12103e-02  1.79654e-02
  1.48290e-02  1.18032e-02  8.88970e-03  6.09018e-03  3.40589e-03  8.37836e-04
 -1.61323e-03 -3.94684e-03 -6.16276e-03 -8.26102e-03 -1.02419e-02 -1.21058e-02
 -1.38536e-02 -1.54862e-02 -1.70046e-02 -1.84103e-02 -1.97048e-02 -2.08897e-02
 -2.19671e-02 -2.29389e-02 -2.38073e-02 -2.45746e-02 -2.52435e-02 -2.58163e-02
 -2.62959e-02 -2.66850e-02 -2.69866e-02 -2.72036e-02 -2.73392e-02 -2.73963e-02
 -2.73782e-02 -2.72882e-02 -2.71295e-02 -2.69053e-02 -2.66190e-02 -2.62740e-02
 -2.58735e-02 -2.54209e-02 -2.49195e-02 -2.43726e-02 -2.37835e-02 -2.31553e-02
 -2.24915e-02 -2.17950e-02 -2.10690e-02 -2.03165e-02 -1.95407e-02 -1.87443e-02
 -1.79303e-02 -1.71015e-02 -1.62606e-02 -1.54102e-02 -1.45529e-02 -1.36911e-02
 -1.28273e-02 -1.19637e-02 -1.11026e-02 -1.02460e-02 -9.39601e-03 -8.55446e-03
 -7.72320e-03 -6.90395e-03 -6.09833e-03 -5.30786e-03 -4.53397e-03 -3.77799e-03
 -3.04114e-03 -2.32455e-03 -1.62927e-03 -9.56238e-04 -3.06300e-04  3.19783e-04
  9.21342e-04  1.49780e-03  2.04865e-03  2.57349e-03  3.07199e-03  3.54389e-03
  3.98903e-03  4.40730e-03  4.79867e-03  5.16319e-03  5.50095e-03  5.81213e-03
  6.09696e-03  6.35572e-03  6.58876e-03  6.79646e-03  6.97927e-03  7.13768e-03
  7.27221e-03  7.38343e-03  7.47196e-03  7.53842e-03  7.58349e-03  7.60786e-03
  7.61227e-03  7.59745e-03  7.56417e-03  7.51321e-03  7.44537e-03  7.36147e-03
  7.26231e-03  7.14872e-03  7.02153e-03  6.88158e-03  6.72970e-03  6.56671e-03
  6.39345e-03  6.21073e-03  6.01937e-03  5.82018e-03  5.61395e-03  5.40145e-03
  5.18346e-03  4.96072e-03  4.73398e-03  4.50394e-03  4.27131e-03  4.03676e-03
  3.80096e-03  3.56453e-03  3.32810e-03  3.09224e-03  2.85753e-03  2.62451e-03
  2.39369e-03  2.16556e-03  1.94060e-03  1.71925e-03  1.50191e-03  1.28899e-03
  1.08083e-03  8.77792e-04  6.80176e-04  4.88272e-04  3.02343e-04  1.22626e-04
 -5.06649e-05 -2.17341e-04 -3.77237e-04 -5.30210e-04 -6.76141e-04 -8.14931e-04
 -9.46504e-04 -1.07080e-03 -1.18780e-03 -1.29747e-03 -1.39981e-03 -1.49486e-03
 -1.58265e-03 -1.66323e-03 -1.73668e-03 -1.80308e-03 -1.86252e-03 -1.91513e-03
 -1.96104e-03 -2.00037e-03 -2.03328e-03 -2.05993e-03 -2.08048e-03 -2.09513e-03
 -2.10404e-03 -2.10742e-03 -2.10546e-03 -2.09837e-03 -2.08636e-03 -2.06965e-03
 -2.04845e-03 -2.02299e-03 -1.99348e-03 -1.96015e-03 -1.92324e-03 -1.88296e-03
 -1.83954e-03 -1.79321e-03 -1.74419e-03 -1.69270e-03 -1.63897e-03 -1.58321e-03
 -1.52563e-03 -1.46646e-03 -1.40588e-03 -1.34411e-03 -1.28135e-03 -1.21778e-03
 -1.15360e-03 -1.08899e-03 -1.02411e-03 -9.59153e-04 -8.94269e-04 -8.29621e-04
 -7.65358e-04 -7.01626e-04 -6.38561e-04 -5.76296e-04 -5.14954e-04 -4.54652e-04
 -3.95501e-04 -3.37602e-04 -2.81054e-04 -2.25943e-04 -1.72353e-04 -1.20360e-04
 -7.00306e-05 -2.14279e-05  2.53931e-05  7.03837e-05  1.13502e-04  1.54710e-04
  1.93980e-04  2.31287e-04  2.66613e-04  2.99944e-04  3.31274e-04  3.60601e-04
  3.87926e-04  4.13260e-04  4.36612e-04  4.58002e-04  4.77448e-04  4.94978e-04
  5.10619e-04  5.24405e-04  5.36370e-04  5.46555e-04  5.55001e-04  5.61752e-04
  5.66856e-04  5.70363e-04  5.72324e-04  5.72793e-04  5.71824e-04  5.69475e-04
  5.65802e-04  5.60867e-04  5.54727e-04  5.47444e-04  5.39079e-04  5.29694e-04
  5.19351e-04  5.08110e-04  4.96035e-04  4.83185e-04  4.69623e-04  4.55409e-04
  4.40603e-04  4.25263e-04  4.09449e-04  3.93216e-04  3.76621e-04  3.59719e-04
  3.42563e-04  3.25206e-04  3.07698e-04  2.90087e-04  2.72423e-04  2.54750e-04
  2.37112e-04  2.19552e-04  2.02111e-04  1.84827e-04  1.67737e-04  1.50876e-04
  1.34277e-04  1.17972e-04  1.01990e-04  8.63587e-05  7.11028e-05  5.62464e-05
  4.18112e-05  2.78171e-05  1.42821e-05  1.22244e-06 -1.13474e-05 -2.34148e-05
 -3.49688e-05 -4.60002e-05 -5.65012e-05 -6.64660e-05 -7.58900e-05 -8.47703e-05
 -9.31054e-05 -1.00895e-04 -1.08141e-04 -1.14845e-04 -1.21012e-04 -1.26646e-04
 -1.31754e-04 -1.36342e-04 -1.40419e-04 -1.43994e-04 -1.47078e-04 -1.49680e-04
 -1.51814e-04 -1.53490e-04 -1.54723e-04 -1.55526e-04 -1.55913e-04 -1.55899e-04
 -1.55499e-04 -1.54729e-04 -1.53604e-04 -1.52142e-04 -1.50357e-04 -1.48267e-04
 -1.45888e-04 -1.43237e-04 -1.40331e-04 -1.37188e-04 -1.33822e-04 -1.30252e-04
 -1.26494e-04 -1.22565e-04 -1.18479e-04 -1.14254e-04 -1.09906e-04 -1.05449e-04
 -1.00898e-04 -9.62699e-05 -9.15774e-05 -8.68349e-05 -8.20561e-05 -7.72542e-05
 -7.24421e-05 -6.76320e-05 -6.28357e-05 -5.80646e-05 -5.33296e-05 -4.86411e-05
 -4.40090e-05 -3.94425e-05 -3.49506e-05 -3.05415e-05 -2.62230e-05 -2.20025e-05
 -1.78868e-05 -1.38819e-05 -9.99377e-06 -6.22755e-06 -2.58799e-06  9.20661e-07
  4.29466e-06  7.53071e-06  1.06260e-05  1.35782e-05  1.63853e-05  1.90459e-05
  2.15590e-05  2.39238e-05  2.61400e-05  2.82079e-05  3.01278e-05  3.19007e-05
  3.35276e-05  3.50100e-05  3.63497e-05  3.75487e-05  3.86095e-05  3.95345e-05
  4.03267e-05  4.09891e-05  4.15248e-05  4.19374e-05  4.22306e-05  4.24079e-05
  4.24735e-05  4.24314e-05  4.22857e-05  4.20407e-05  4.17007e-05  4.12702e-05
  4.07537e-05  4.01556e-05  3.94806e-05  3.87332e-05  3.79180e-05  3.70396e-05
  3.61025e-05  3.51113e-05  3.40705e-05  3.29845e-05  3.18578e-05  3.06946e-05
  2.94992e-05  2.82758e-05  2.70285e-05  2.57612e-05  2.44779e-05  2.31824e-05
  2.18783e-05  2.05692e-05  1.92584e-05  1.79495e-05  1.66454e-05  1.53492e-05
  1.40639e-05  1.27923e-05  1.15369e-05  1.03003e-05  9.08487e-06  7.89275e-06
  6.72604e-06  5.58668e-06  4.47647e-06  3.39704e-06  2.34993e-06  1.33650e-06
  3.57989e-07 -5.84487e-07 -1.48996e-06 -2.35757e-06 -3.18660e-06 -3.97646e-06
 -4.72666e-06 -5.43684e-06 -6.10675e-06 -6.73625e-06 -7.32530e-06 -7.87397e-06
 -8.38243e-06 -8.85093e-06 -9.27981e-06 -9.66952e-06 -1.00206e-05 -1.03335e-05
 -1.06090e-05 -1.08479e-05 -1.10508e-05 -1.12187e-05 -1.13525e-05 -1.14531e-05
 -1.15215e-05 -1.15587e-05 -1.15660e-05 -1.15442e-05 -1.14947e-05 -1.14186e-05
 -1.13170e-05 -1.11912e-05 -1.10424e-05 -1.08719e-05 -1.06809e-05 -1.04706e-05
 -1.02423e-05 -9.99717e-06 -9.73655e-06 -9.46163e-06 -9.17363e-06 -8.87377e-06
 -8.56322e-06 -8.24317e-06 -7.91477e-06 -7.57913e-06 -7.23738e-06 -6.89059e-06
 -6.53980e-06 -6.18604e-06 -5.83029e-06 -5.47352e-06 -5.11664e-06 -4.76055e-06
 -4.40609e-06 -4.05408e-06 -3.70531e-06 -3.36052e-06 -3.02040e-06 -2.68563e-06
 -2.35684e-06 -2.03461e-06 -1.71950e-06 -1.41201e-06 -1.11263e-06 -8.21779e-07
 -5.39870e-07 -2.67259e-07 -4.27050e-09  2.48806e-07  4.91716e-07  7.24244e-07
  9.46203e-07  1.15744e-06  1.35784e-06  1.54732e-06  1.72581e-06  1.89329e-06
  2.04975e-06  2.19524e-06  2.32979e-06  2.45349e-06  2.56645e-06  2.66878e-06
  2.76064e-06  2.84219e-06  2.91361e-06  2.97512e-06  3.02694e-06  3.06930e-06
  3.10246e-06  3.12667e-06  3.14222e-06  3.14940e-06  3.14850e-06  3.13983e-06
  3.12371e-06  3.10045e-06  3.07039e-06  3.03385e-06  2.99117e-06  2.94269e-06
  2.88874e-06  2.82967e-06  2.76581e-06  2.69751e-06  2.62510e-06  2.54892e-06
  2.46929e-06  2.38655e-06  2.30101e-06  2.21300e-06  2.12283e-06  2.03079e-06
  1.93720e-06  1.84233e-06  1.74648e-06  1.64992e-06  1.55291e-06  1.45571e-06
  1.35857e-06  1.26173e-06  1.16542e-06  1.06985e-06  9.75233e-07  8.81771e-07
  7.89650e-07  6.99048e-07  6.10132e-07  5.23058e-07  4.37974e-07  3.55014e-07
  2.74304e-07  1.95960e-07  1.20085e-07  4.67763e-08 -2.38828e-08 -9.18167e-08
 -1.56960e-07 -2.19256e-07 -2.78659e-07 -3.35129e-07 -3.88638e-07 -4.39166e-07
 -4.86698e-07 -5.31231e-07 -5.72767e-07 -6.11316e-07 -6.46895e-07 -6.79529e-07
 -7.09248e-07 -7.36087e-07 -7.60089e-07 -7.81302e-07 -7.99778e-07 -8.15575e-07
 -8.28754e-07 -8.39383e-07 -8.47530e-07 -8.53269e-07 -8.56676e-07 -8.57832e-07
 -8.56818e-07 -8.53719e-07 -8.48621e-07 -8.41612e-07 -8.32781e-07 -8.22220e-07
 -8.10019e-07 -7.96271e-07 -7.81069e-07 -7.64504e-07 -7.46669e-07 -7.27657e-07
 -7.07558e-07 -6.86465e-07 -6.64465e-07 -6.41649e-07 -6.18104e-07 -5.93915e-07
 -5.69166e-07 -5.43941e-07 -5.18319e-07 -4.92380e-07 -4.66199e-07 -4.39850e-07
 -4.13405e-07 -3.86933e-07 -3.60501e-07 -3.34173e-07 -3.08010e-07 -2.82071e-07
 -2.56411e-07 -2.31084e-07 -2.06140e-07 -1.81626e-07 -1.57587e-07 -1.34065e-07
 -1.11097e-07 -8.87209e-08 -6.69690e-08 -4.58718e-08 -2.54569e-08 -5.74923e-09
  1.32292e-08  3.14587e-08  4.89225e-08  6.56061e-08  8.14976e-08  9.65876e-08
  1.10869e-07  1.24336e-07  1.36988e-07  1.48822e-07  1.59841e-07  1.70049e-07
  1.79449e-07  1.88050e-07  1.95861e-07  2.02892e-07  2.09154e-07  2.14662e-07
  2.19430e-07  2.23474e-07  2.26811e-07  2.29461e-07  2.31442e-07  2.32775e-07
  2.33480e-07  2.33580e-07  2.33098e-07  2.32056e-07  2.30478e-07  2.28388e-07
  2.25811e-07  2.22772e-07  2.19295e-07  2.15406e-07  2.11130e-07  2.06492e-07
  2.01517e-07  1.96231e-07  1.90657e-07  1.84821e-07  1.78748e-07  1.72460e-07
  1.65983e-07  1.59338e-07  1.52549e-07  1.45638e-07  1.38627e-07  1.31537e-07
  1.24389e-07  1.17202e-07  1.09995e-07  1.02788e-07  9.55980e-08  8.84424e-08
  8.13375e-08  7.42991e-08  6.73421e-08  6.04807e-08  5.37283e-08  4.70975e-08
  4.06002e-08  3.42473e-08  2.80493e-08  2.20156e-08  1.61550e-08  1.04755e-08
  4.98433e-09 -3.12031e-10 -5.40779e-09 -1.02979e-08 -1.49780e-08 -1.94443e-08
 -2.36940e-08 -2.77246e-08 -3.15344e-08 -3.51223e-08 -3.84878e-08 -4.16309e-08
 -4.45523e-08 -4.72530e-08 -4.97347e-08 -5.19995e-08 -5.40499e-08 -5.58891e-08
 -5.75203e-08 -5.89475e-08 -6.01746e-08 -6.12064e-08 -6.20475e-08 -6.27031e-08
 -6.31786e-08 -6.34796e-08 -6.36118e-08 -6.35814e-08 -6.33946e-08 -6.30577e-08
 -6.25773e-08 -6.19598e-08 -6.12121e-08 -6.03409e-08 -5.93530e-08 -5.82553e-08
 -5.70546e-08 -5.57579e-08 -5.43718e-08 -5.29033e-08 -5.13591e-08 -4.97459e-08
 -4.80702e-08 -4.63386e-08 -4.45575e-08 -4.27332e-08 -4.08718e-08 -3.89793e-08
 -3.70616e-08 -3.51244e-08 -3.31733e-08 -3.12135e-08 -2.92504e-08 -2.72888e-08
 -2.53336e-08 -2.33893e-08 -2.14605e-08 -1.95512e-08 -1.76656e-08 -1.58072e-08
 -1.39799e-08 -1.21868e-08 -1.04312e-08 -8.71591e-09 -7.04378e-09 -5.41729e-09
 -3.83873e-09 -2.31022e-09 -8.33657e-10  5.89264e-10  1.95704e-09  3.26835e-09
  4.52209e-09  5.71732e-09  6.85329e-09  7.92940e-09  8.94527e-09  9.90063e-09
  1.07954e-08  1.16297e-08  1.24036e-08  1.31177e-08  1.37722e-08  1.43680e-08
  1.49056e-08  1.53861e-08  1.58102e-08  1.61792e-08  1.64941e-08  1.67563e-08
  1.69671e-08  1.71279e-08  1.72401e-08  1.73054e-08  1.73253e-08  1.73016e-08
  1.72358e-08  1.71299e-08  1.69854e-08  1.68043e-08  1.65884e-08  1.63396e-08
  1.60596e-08  1.57504e-08  1.54138e-08  1.50517e-08  1.46660e-08  1.42585e-08
  1.38310e-08  1.33853e-08  1.29233e-08  1.24467e-08  1.19573e-08  1.14566e-08
  1.09465e-08  1.04285e-08  9.90417e-09  9.37508e-09  8.84272e-09  8.30853e-09
  7.77391e-09  7.24018e-09  6.70865e-09  6.18055e-09  5.65706e-09  5.13930e-09
  4.62833e-09  4.12517e-09  3.63077e-09  3.14603e-09  2.67178e-09  2.20880e-09
  1.75782e-09  1.31949e-09  8.94431e-10  4.83193e-10  8.62731e-11 -2.95885e-10
 -6.62890e-10 -1.01441e-09 -1.35014e-09 -1.66987e-09 -1.97339e-09 -2.26057e-09
 -2.53131e-09 -2.78557e-09 -3.02332e-09 -3.24462e-09 -3.44952e-09 -3.63814e-09
 -3.81063e-09 -3.96717e-09 -4.10796e-09 -4.23327e-09 -4.34335e-09 -4.43852e-09
 -4.51909e-09 -4.58543e-09 -4.63789e-09 -4.67689e-09 -4.70282e-09 -4.71611e-09
 -4.71722e-09 -4.70659e-09 -4.68470e-09 -4.65202e-09 -4.60905e-09 -4.55628e-09
 -4.49420e-09 -4.42333e-09 -4.34417e-09 -4.25723e-09 -4.16302e-09 -4.06204e-09
 -3.95481e-09 -3.84182e-09 -3.72357e-09 -3.60056e-09 -3.47326e-09 -3.34216e-09
 -3.20772e-09 -3.07040e-09 -2.93066e-09 -2.78892e-09 -2.64562e-09 -2.50117e-09
 -2.35597e-09 -2.21041e-09 -2.06486e-09 -1.91969e-09 -1.77523e-09 -1.63183e-09
 -1.48979e-09 -1.34942e-09 -1.21101e-09 -1.07481e-09 -9.41086e-10 -8.10077e-10
 -6.82003e-10 -5.57070e-10 -4.35471e-10 -3.17381e-10 -2.02959e-10 -9.23513e-11
  1.43119e-11  1.16915e-10  2.15358e-10  3.09552e-10  3.99425e-10  4.84918e-10
  5.65982e-10  6.42586e-10  7.14707e-10  7.82335e-10  8.45472e-10  9.04132e-10
  9.58338e-10  1.00812e-09  1.05353e-09  1.09462e-09  1.13144e-09  1.16407e-09
  1.19258e-09  1.21706e-09  1.23760e-09  1.25430e-09  1.26725e-09  1.27658e-09
  1.28240e-09  1.28481e-09  1.28395e-09  1.27994e-09  1.27291e-09  1.26299e-09
  1.25032e-09  1.23502e-09  1.21724e-09  1.19711e-09  1.17478e-09  1.15038e-09
  1.12404e-09  1.09592e-09  1.06614e-09  1.03484e-09  1.00215e-09  9.68221e-10
  9.33168e-10  8.97125e-10  8.60218e-10  8.22571e-10  7.84307e-10  7.45542e-10
  7.06392e-10  6.66968e-10  6.27379e-10  5.87728e-10  5.48117e-10  5.08642e-10
  4.69396e-10  4.30467e-10  3.91940e-10  3.53895e-10  3.16409e-10  2.79553e-10
  2.43394e-10  2.07997e-10  1.73419e-10  1.39716e-10  1.06939e-10  7.51335e-11
  4.43416e-11  1.46016e-11 -1.40525e-11 -4.15906e-11 -6.79867e-11 -9.32183e-11
 -1.17267e-10 -1.40117e-10 -1.61759e-10 -1.82182e-10 -2.01384e-10 -2.19362e-10
 -2.36118e-10 -2.51657e-10 -2.65985e-10 -2.79114e-10 -2.91056e-10 -3.01826e-10
 -3.11441e-10 -3.19922e-10 -3.27290e-10 -3.33568e-10 -3.38783e-10 -3.42962e-10
 -3.46133e-10 -3.48326e-10 -3.49574e-10 -3.49908e-10 -3.49362e-10 -3.47971e-10
 -3.45770e-10 -3.42795e-10 -3.39082e-10 -3.34669e-10 -3.29594e-10 -3.23893e-10
 -3.17604e-10 -3.10766e-10 -3.03415e-10 -2.95589e-10 -2.87327e-10 -2.78663e-10
 -2.69637e-10 -2.60282e-10 -2.50635e-10 -2.40731e-10 -2.30604e-10 -2.20288e-10
 -2.09815e-10 -1.99217e-10 -1.88525e-10 -1.77769e-10 -1.66979e-10 -1.56182e-10
 -1.45405e-10 -1.34674e-10 -1.24015e-10 -1.13450e-10 -1.03002e-10 -9.26940e-11
 -8.25448e-11 -7.25739e-11 -6.27993e-11 -5.32379e-11 -4.39053e-11 -3.48160e-11
 -2.59834e-11 -1.74196e-11 -9.13576e-12 -1.14182e-12  6.55334e-12  1.39419e-11
  2.10172e-11  2.77734e-11  3.42059e-11  4.03109e-11  4.60856e-11  5.15283e-11
  5.66379e-11  6.14143e-11  6.58583e-11  6.99714e-11  7.37559e-11  7.72148e-11
  8.03518e-11  8.31714e-11  8.56784e-11  8.78784e-11  8.97777e-11  9.13828e-11
  9.27008e-11  9.37394e-11  9.45065e-11  9.50103e-11  9.52597e-11  9.52636e-11
  9.50313e-11  9.45722e-11  9.38960e-11  9.30126e-11  9.19320e-11  9.06643e-11
  8.92198e-11  8.76086e-11  8.58411e-11  8.39276e-11  8.18782e-11  7.97032e-11
  7.74127e-11  7.50168e-11  7.25254e-11  6.99482e-11  6.72949e-11  6.45749e-11
  6.17975e-11  5.89717e-11  5.61064e-11  5.32101e-11  5.02913e-11  4.73579e-11
  4.44178e-11  4.14786e-11  3.85474e-11  3.56314e-11  3.27370e-11  2.98707e-11
  2.70385e-11  2.42462e-11  2.14991e-11  1.88024e-11  1.61608e-11  1.35788e-11
  1.10607e-11  8.61006e-12  6.23058e-12  3.92544e-12  1.69755e-12 -4.50499e-13
 -2.51638e-12 -4.49808e-12 -6.39386e-12 -8.20227e-12 -9.92212e-12 -1.15525e-11
 -1.30927e-11 -1.45424e-11 -1.59013e-11 -1.71695e-11 -1.83474e-11 -1.94353e-11
 -2.04340e-11 -2.13444e-11 -2.21675e-11 -2.29046e-11 -2.35572e-11 -2.41267e-11
 -2.46150e-11 -2.50238e-11 -2.53552e-11 -2.56113e-11 -2.57942e-11 -2.59062e-11
 -2.59499e-11 -2.59276e-11 -2.58418e-11 -2.56953e-11 -2.54906e-11 -2.52304e-11
 -2.49175e-11 -2.45547e-11 -2.41447e-11 -2.36904e-11 -2.31944e-11 -2.26597e-11
 -2.20890e-11 -2.14851e-11 -2.08507e-11 -2.01886e-11 -1.95014e-11 -1.87919e-11
 -1.80625e-11 -1.73158e-11 -1.65545e-11 -1.57808e-11 -1.49972e-11 -1.42060e-11
 -1.34094e-11 -1.26097e-11 -1.18089e-11 -1.10090e-11 -1.02120e-11 -9.41983e-12
 -8.63416e-12 -7.85674e-12 -7.08917e-12 -6.33299e-12 -5.58965e-12 -4.86050e-12
 -4.14682e-12 -3.44978e-12 -2.77050e-12 -2.10997e-12 -1.46914e-12 -8.48849e-13
 -2.49855e-13  3.27158e-13  8.81590e-13  1.41292e-12  1.92070e-12  2.40456e-12
  2.86420e-12  3.29940e-12  3.71001e-12  4.09593e-12  4.45713e-12  4.79367e-12
  5.10562e-12  5.39315e-12  5.65646e-12  5.89582e-12  6.11154e-12  6.30397e-12
  6.47352e-12  6.62062e-12  6.74577e-12  6.84947e-12  6.93229e-12  6.99480e-12
  7.03762e-12  7.06138e-12  7.06674e-12  7.05438e-12  7.02501e-12  6.97933e-12
  6.91808e-12  6.84199e-12  6.75182e-12  6.64832e-12  6.53224e-12  6.40436e-12
  6.26542e-12  6.11620e-12  5.95745e-12  5.78993e-12  5.61438e-12  5.43153e-12
  5.24212e-12  5.04687e-12  4.84647e-12  4.64163e-12  4.43301e-12  4.22127e-12
  4.00706e-12  3.79100e-12  3.57370e-12  3.35574e-12  3.13769e-12  2.92008e-12
  2.70345e-12  2.48830e-12  2.27509e-12  2.06429e-12  1.85633e-12  1.65161e-12
  1.45052e-12  1.25343e-12  1.06066e-12  8.72542e-13  6.89357e-13  5.11375e-13
  3.38841e-13  1.71977e-13  1.09823e-14 -1.43965e-13 -2.92709e-13 -4.35116e-13
 -5.71071e-13 -7.00481e-13 -8.23273e-13 -9.39391e-13 -1.04880e-12 -1.15148e-12
 -1.24743e-12 -1.33667e-12 -1.41924e-12 -1.49516e-12 -1.56452e-12 -1.62739e-12
 -1.68384e-12 -1.73400e-12 -1.77796e-12 -1.81586e-12 -1.84783e-12 -1.87402e-12
 -1.89457e-12 -1.90965e-12 -1.91943e-12 -1.92408e-12 -1.92379e-12 -1.91874e-12
 -1.90912e-12 -1.89514e-12 -1.87699e-12 -1.85487e-12 -1.82899e-12 -1.79955e-12
 -1.76676e-12 -1.73083e-12 -1.69197e-12 -1.65038e-12 -1.60627e-12 -1.55984e-12
 -1.51130e-12 -1.46084e-12 -1.40867e-12 -1.35498e-12 -1.29995e-12 -1.24378e-12
 -1.18664e-12 -1.12872e-12 -1.07019e-12 -1.01121e-12 -9.51956e-13 -8.92575e-13
 -8.33223e-13 -7.74046e-13 -7.15183e-13 -6.56769e-13 -5.98931e-13 -5.41791e-13
 -4.85465e-13 -4.30061e-13 -3.75681e-13 -3.22423e-13 -2.70375e-13 -2.19621e-13
 -1.70238e-13 -1.22297e-13 -7.58611e-14 -3.09898e-14  1.22650e-14  5.38573e-14
  9.37465e-14  1.31898e-13  1.68283e-13  2.02878e-13  2.35665e-13  2.66630e-13
  2.95767e-13  3.23070e-13  3.48543e-13  3.72190e-13  3.94023e-13  4.14056e-13
  4.32306e-13  4.48796e-13  4.63552e-13  4.76602e-13  4.87979e-13  4.97717e-13
  5.05854e-13  5.12430e-13  5.17488e-13  5.21073e-13  5.23232e-13  5.24012e-13
  5.23465e-13  5.21641e-13  5.18593e-13  5.14376e-13  5.09042e-13  5.02649e-13
  4.95252e-13  4.86907e-13  4.77670e-13  4.67598e-13  4.56748e-13  4.45176e-13
  4.32938e-13  4.20089e-13  4.06685e-13  3.92778e-13  3.78424e-13  3.63674e-13
  3.48580e-13  3.33192e-13  3.17560e-13  3.01732e-13  2.85753e-13  2.69671e-13
  2.53527e-13  2.37365e-13  2.21226e-13  2.05148e-13  1.89169e-13  1.73325e-13
  1.57650e-13  1.42177e-13  1.26936e-13  1.11957e-13  9.72662e-14  8.28897e-14
  6.88511e-14  5.51725e-14  4.18742e-14  2.89747e-14  1.64910e-14  4.43832e-15
 -7.16976e-15 -1.83213e-14 -2.90058e-14 -3.92146e-14 -4.89403e-14 -5.81771e-14
 -6.69205e-14 -7.51676e-14 -8.29166e-14 -9.01673e-14 -9.69205e-14 -1.03178e-13
 -1.08944e-13 -1.14222e-13 -1.19017e-13 -1.23337e-13 -1.27187e-13 -1.30578e-13
 -1.33517e-13 -1.36014e-13 -1.38080e-13 -1.39727e-13 -1.40965e-13 -1.41808e-13
 -1.42268e-13 -1.42360e-13 -1.42095e-13 -1.41490e-13 -1.40558e-13 -1.39314e-13
 -1.37772e-13 -1.35949e-13 -1.33859e-13 -1.31518e-13 -1.28941e-13 -1.26144e-13
 -1.23141e-13 -1.19949e-13 -1.16582e-13 -1.13055e-13 -1.09383e-13 -1.05582e-13
 -1.01664e-13 -9.76455e-14 -9.35390e-14 -8.93586e-14 -8.51173e-14 -8.08281e-14
 -7.65035e-14 -7.21556e-14 -6.77962e-14 -6.34365e-14 -5.90875e-14 -5.47594e-14
 -5.04624e-14 -4.62060e-14 -4.19991e-14 -3.78503e-14 -3.37678e-14 -2.97591e-14
 -2.58315e-14 -2.19915e-14 -1.82453e-14 -1.45987e-14 -1.10569e-14 -7.62459e-15
 -4.30614e-15 -1.10536e-15  1.97433e-15  4.92999e-15  7.75909e-15  1.04595e-14
  1.30296e-14  1.54680e-14  1.77739e-14  1.99467e-14  2.19863e-14  2.38928e-14
  2.56668e-14  2.73090e-14  2.88208e-14  3.02034e-14  3.14587e-14  3.25886e-14
  3.35953e-14  3.44814e-14  3.52494e-14  3.59024e-14  3.64433e-14  3.68755e-14
  3.72024e-14  3.74274e-14  3.75543e-14  3.75869e-14  3.75290e-14  3.73848e-14
  3.71581e-14  3.68532e-14  3.64741e-14  3.60252e-14  3.55105e-14  3.49344e-14
  3.43009e-14  3.36144e-14  3.28791e-14  3.20989e-14  3.12782e-14  3.04208e-14
  2.95308e-14  2.86121e-14  2.76685e-14  2.67037e-14  2.57215e-14  2.47252e-14
  2.37185e-14  2.27045e-14  2.16865e-14  2.06676e-14  1.96507e-14  1.86387e-14
  1.76342e-14  1.66398e-14  1.56579e-14  1.46908e-14  1.37406e-14  1.28093e-14
  1.18988e-14  1.10107e-14  1.01466e-14  9.30786e-15  8.49584e-15  7.71163e-15
  6.95622e-15  6.23048e-15  5.53513e-15  4.87074e-15  4.23779e-15  3.63660e-15
  3.06740e-15  2.53027e-15  2.02521e-15  1.55207e-15  1.11063e-15  7.00558e-16
  3.21415e-16 -2.73154e-17 -3.46241e-16 -6.36049e-16 -8.97501e-16 -1.13143e-15
 -1.33873e-15 -1.52036e-15 -1.67732e-15 -1.81067e-15 -1.92151e-15 -2.01097e-15
 -2.08021e-15 -2.13041e-15 -2.16279e-15 -2.17855e-15 -2.17893e-15 -2.16516e-15
 -2.13846e-15 -2.10004e-15 -2.05112e-15 -1.99287e-15 -1.92646e-15 -1.85303e-15
 -1.77368e-15 -1.68947e-15 -1.60143e-15 -1.51055e-15 -1.41777e-15 -1.32396e-15
 -1.22996e-15 -1.13655e-15 -1.04445e-15 -9.54300e-16 -8.66711e-16 -7.82208e-16
 -7.01259e-16 -6.24265e-16 -5.51562e-16 -4.83420e-16 -4.20044e-16 -3.61576e-16
 -3.08096e-16 -2.59621e-16 -2.16111e-16 -1.77472e-16 -1.43555e-16 -1.14165e-16
 -8.90600e-17 -6.79619e-17 -5.05568e-17 -3.65031e-17 -2.54380e-17 -1.69842e-17
 -1.07576e-17 -6.37584e-18 -3.46720e-18 -1.67994e-18 -6.92710e-19 -2.25353e-19
 -5.04781e-20 -5.70353e-21
