 148
 108  49   5     2012p001403m4pt8           172.832504          -43.462502  4.000000
 107  47   5      2012p001410m4pt           172.823502          -43.445099  4.000000
 104  47   5     2012p002254m3pt8           172.793503          -43.440701  4.000000
 107  48   5     2012p003376m4pt6           172.820099          -43.447300  4.000000
 108  53   7     2012p010301m4pt4           172.842606          -43.496201  6.000000
 100  60   7     2012p014309m4pt2           172.744202          -43.558201  6.000000
 103  58   5     2012p014905m4pt8           172.772705          -43.536301  4.000000
 106  53   7     2012p023269m3pt8           172.808807          -43.498299  6.000000
 104  46   5     2012p030624m4pt3           172.793198          -43.428799  4.000000
 104  69   7     2012p043955m3pt7           172.793594          -43.638699  6.000000
  74  62   9     2012p052719m3pt9           172.415100          -43.573601  8.000000
  74  64   9     2012p053801m3pt7           172.412399          -43.596901  8.000000
 103  56   5     2012p058758m4pt2           172.780899          -43.521301  4.000000
  61  60   7     2012p071137m4pt2           172.255295          -43.559700  6.000000
 107  48   7     2012p073274m3pt9           172.827698          -43.453899  6.000000
 102  68   5     2012p104038m3pt8           172.766205          -43.631699  4.000000
 103  56   5     2012p123336m3pt8           172.781998          -43.519600  4.000000
 102  52   9     2012p142382m3pt8           172.770203          -43.483002  8.000000
 108  49   7     2012p149826m4pt1           172.832596          -43.462399  6.000000
  70  62   7     2012p161604m3pt7           172.372604          -43.575401  6.000000
  98  65   9     2012p206748m3pt9           172.709900          -43.602901  8.000000
  70  63   9     2012p260761m3pt8           172.370499          -43.582401  8.000000
 101  55   9     2012p275677m4pt2           172.757004          -43.512901  8.000000
 104  56   5     2012p303845m3pt8           172.783600          -43.524300  4.000000
 101  52   5     2012p365028m4pt2           172.750000          -43.489300  4.000000
  73  65  21     2012p378107m3pt9           172.408707          -43.608501 20.000000
 102  61   5     2012p378954m4pt4           172.767899          -43.567799  4.000000
 103  57   7      2012p392201m5pt           172.772293          -43.534000  6.000000
 104  54   7     2012p399212m4pt3           172.786499          -43.503300  6.000000
 102  62   5     2012p413162m4pt1           172.761902          -43.579399  4.000000
  98  57   5     2012p416981m3pt9           172.720001          -43.533100  4.000000
  68  65   9     2012p505798m4pt7           172.338303          -43.601501  8.000000
  84  69   5     2012p517515m3pt9           172.541107          -43.638199  4.000000
 105  51   7     2012p713691m4pt2           172.807098          -43.480701  6.000000
 104  50   7     2012p764736m3pt9           172.783707          -43.469200  6.000000
 110  51   7      2012p801609m4pt           172.861206          -43.480598  6.000000
  77  65   5     2013p049577m4pt3           172.456802          -43.603802  4.000000
  69  69   5     2013p368016m3pt9           172.359207          -43.639301  4.000000
  55  65  10     2013p653606m4pt1           172.176498          -43.602299  9.000000
  76  62   8     2013p708602m3pt9           172.444305          -43.574902  7.000000
  72  61   9     2013p817946m3pt9           172.397507          -43.564999  8.000000
  83  63   8     2013p868761m4pt3           172.525208          -43.589699  7.000000
  97  62   7     2014p237547m3pt8           172.708801          -43.573299  6.000000
  70  69   5     2014p933966m4pt2           172.367004          -43.644699  4.000000
  98  60  10      2014p965622m4pt           172.720398          -43.557499  9.000000
 102  56   5      2016p119534m4pt           172.760696          -43.525700  4.000000
  90  61   5     2016p158394m4pt1           172.619797          -43.568001  4.000000
  97  63   8     2016p355041m4pt2           172.701996          -43.589100  7.000000
 115  30  21         2122842m4pt5           172.923096          -43.285900 20.000000
 112  30  19         2128373m3pt9           172.890900          -43.288898 18.000000
 101  26  28         2290108m4pt4           172.755493          -43.253799 27.000000
  59  66  17         3366213m4pt6           172.225906          -43.617699 16.000000
  72  63   5         3366241m4pt4           172.391098          -43.585899  4.000000
  67  64   5         3366376m4pt1           172.333496          -43.597301  4.000000
  38  61   9         3366452m4pt8           171.969696          -43.571602  8.000000
  71  65  11          3366499m4pt           172.374695          -43.602402 10.000000
  70  65   7         3366503m4pt3           172.368393          -43.602100  6.000000
  70  64   7         3366504m4pt4           172.371597          -43.592300  6.000000
  29  61   7         3366544m4pt3           171.855896          -43.565300  6.000000
  71  67   7          3366585m4pt           172.381104          -43.622799  6.000000
  38  26   9         3366586m4pt6           171.977295          -43.251999  8.000000
  54  64   7         3366751m4pt7           172.172501          -43.594898  6.000000
  73  61   9          3366858m4pt           172.410904          -43.570900  8.000000
  71  68   5         3366933m4pt5           172.382004          -43.630901  4.000000
  64  62  17         3367476m4pt1           172.291794          -43.577702 16.000000
  71  64  11         3367535m4pt1           172.376297          -43.591999 10.000000
  67  66   9         3367608m4pt2           172.326401          -43.617901  8.000000
  72  61   7         3367742m4pt8           172.387802          -43.569901  6.000000
  32  63   7          3367749m5pt           171.891403          -43.588501  6.000000
  60  71  13         3367832m4pt8           172.239899          -43.653999 12.000000
  74  63   7         3368287m4pt3           172.416199          -43.590099  6.000000
  53  55   9         3368361m4pt3           172.159698          -43.511501  8.000000
  96  62   5         3368445m4pt7           172.690002          -43.574001  4.000000
  72  60   5          3368471m4pt           172.397507          -43.557301  4.000000
  71  65   9         3369682m4pt2           172.380203          -43.605701  8.000000
  72  69   7         3370677m4pt2           172.392303          -43.641998  6.000000
  72  63   5         3370916m4pt2           172.387802          -43.590698  4.000000
  71  68   5          3372087m4pt           172.376205          -43.626999  4.000000
  81  65  11          3372561m4pt           172.506699          -43.605000 10.000000
  80  68   5          3372661m4pt           172.495804          -43.628799  4.000000
  78  69   5         3373091m4pt2           172.462402          -43.639599  4.000000
  53  49   7         3373723m4pt1           172.160599          -43.459301  6.000000
  76  66  11         3373925m4pt2           172.446503          -43.615101 10.000000
  70  62   9         3374803m4pt2           172.374298          -43.573502  8.000000
  78  60   7         3376639m4pt1           172.462296          -43.560200  6.000000
  70  65   9         3377148m4pt2           172.372192          -43.608200  8.000000
  75  66  11          3377880m4pt           172.427399          -43.614498 10.000000
  71  68   7         3380440m4pt1           172.380600          -43.627800  6.000000
  73  60   5         3382676m4pt8           172.403107          -43.562698  4.000000
  67  80   7          3384315m4pt           172.329697          -43.737701  6.000000
  74  63   7         3388384m4pt3           172.413101          -43.589901  6.000000
  79  69   7         3389582m4pt3           172.485901          -43.639000  6.000000
  73  66   9         3390805m4pt1           172.405807          -43.616600  8.000000
  86  67   5         3391440m4pt8           172.563599          -43.625599  4.000000
  73  64   9         3392462m4pt1           172.408707          -43.593300  8.000000
 102  49   5         3394581m4pt4           172.769394          -43.460098  4.000000
  71  67   5         3400620m4pt2           172.379700          -43.624802  4.000000
  45  21   7         3403219m4pt6           172.059998          -43.211800  6.000000
  72  65   7         3406713m4pt4           172.395294          -43.600201  6.000000
  74  64   7         3407078m4pt4           172.413101          -43.598900  6.000000
  90  57   5          3437366m4pt           172.615997          -43.531601  4.000000
  74  59   5          3439993m4pt           172.418304          -43.552200  4.000000
  85  66   9         3450113m4pt8           172.549698          -43.615299  8.000000
  82  65   9          3450491m4pt           172.518600          -43.606602  8.000000
  69  68   5         3460014m4pt3           172.357895          -43.632301  4.000000
  92  61   5         3468672m4pt5           172.647003          -43.565201  4.000000
 102  69   7         3468746m4pt3           172.764999          -43.638599  6.000000
  99  67   5         3468765m4pt4           172.724792          -43.620701  4.000000
  95  65   5         3468931m4pt2           172.676605          -43.605499  4.000000
  99  65   5         3468980m4pt3           172.722702          -43.603600  4.000000
 101  61   7         3469360m3pt8           172.751099          -43.564800  6.000000
  94  62   5         3470222m4pt2           172.660599          -43.579102  4.000000
 109  64   7          3471449m4pt           172.848297          -43.598499  6.000000
 109  66   7         3471884m4pt1           172.846603          -43.615101  6.000000
  99  61   7         3474093m4pt6           172.733704          -43.568600  6.000000
 100  59   7         3476510m4pt3           172.739395          -43.551800  6.000000
 113  59  15         3478149m4pt2           172.898605          -43.544899 14.000000
  91  64   5         3495817m4pt3           172.631195          -43.594101  4.000000
 104  66   5          3497857m5pt           172.788605          -43.613400  4.000000
  73  64   7         3509905m4pt9           172.406799          -43.599400  6.000000
  73  63   5         3525417m4pt1           172.403900          -43.584599  4.000000
  53  39   5          3528800m4pt           172.155899          -43.366798  4.000000
 100  64   7         3529125m4pt2           172.738205          -43.595901  6.000000
 108  70   5         3529702m4pt8           172.838196          -43.646099  4.000000
 109  71   4         3529858m4pt6           172.854706          -43.654598  3.000000
 110  71   6          3529888m4pt           172.869507          -43.659401  5.000000
 104  63   9         3530742m4pt1           172.793198          -43.589699  8.000000
 101  57   5         3530917m4pt3           172.756607          -43.530602  4.000000
 102  65   7         3530953m4pt2           172.769394          -43.601898  6.000000
 105  62   5         3531220m4pt1           172.799805          -43.572701  4.000000
  83  64   7         3533219m4pt1           172.528595          -43.594799  6.000000
  56  69   7         3550173m4pt7           172.195404          -43.644501  6.000000
 112  65   7          3556574m4pt           172.884201          -43.599899  6.000000
  46  62   9          3566526m4pt           172.074905          -43.574200  8.000000
  76  65   7         3571192m4pt3           172.441498          -43.602200  6.000000
 106  61   7         3572067m4pt6           172.813705          -43.571098  6.000000
 102  65   9         3577039m4pt3           172.763504          -43.603901  8.000000
  83  64   5         3590805m4pt3           172.530899          -43.597099  4.000000
 104  62   7         3591999m4pt9           172.789902          -43.579899  6.000000
 105  56   5         3631369m4pt4           172.800201          -43.525799  4.000000
 108  51   7         3631409m4pt2           172.834503          -43.473400  6.000000
 103  53   5         3631432m4pt7           172.773407          -43.495499  4.000000
 108  72   5         3631755m4pt9           172.839706          -43.663799  4.000000
 105  57   7          3634529m4pt           172.806595          -43.534100  6.000000
 105  49   5         3634645m4pt1           172.800003          -43.460400  4.000000
 103  55   5         3635309m4pt5           172.775406          -43.517300  4.000000
  73  66   5         3791909m4pt1           172.402496          -43.613800  4.000000
  53  59   7         3792018m4pt9           172.159698          -43.554901  6.000000
